Starting OpenPose demo...
Configuring OpenPose...
Starting thread(s)...
Auto-detecting all available GPUs... Detected 1 GPU(s), using 1 of them starting at GPU 0.
321.817841 272.876282 0.945420 
304.117493 300.208923 0.804117 
304.168274 302.203796 0.919999 
304.219635 335.498749 0.862708 
335.491852 335.460052 0.803357 
302.187683 296.300232 0.747072 
306.114410 333.525055 0.526139 
333.586975 333.500549 0.650344 
288.384857 362.945251 0.798142 
288.404236 364.863525 0.850325 
319.925995 411.854736 0.844505 
294.356262 460.823792 0.804021 
286.540161 362.904938 0.718959 
317.865692 411.880676 0.775799 
294.422150 458.974030 0.684681 
319.742035 270.885010 0.899037 
321.832245 270.805847 0.195368 
306.035339 274.771729 0.957159 
0.000000 0.000000 0.000000 
321.883026 472.610809 0.414143 
319.867920 464.833557 0.366039 
288.424622 460.916565 0.341163 
319.774200 474.637726 0.727446 
310.058380 476.468353 0.726073 
288.453735 462.862061 0.813113 
 
325.736328 272.867523 0.918568 
306.137604 302.130402 0.817573 
306.166901 302.244659 0.926624 
317.813293 335.402374 0.848063 
343.375977 323.756317 0.828909 
306.077332 298.311981 0.743876 
317.836884 333.489349 0.479213 
341.418304 323.778961 0.593002 
298.262909 364.830170 0.766330 
294.333954 364.902466 0.845895 
325.723541 413.849854 0.878586 
304.087616 460.820648 0.861329 
302.189423 362.941650 0.755286 
333.485016 409.956177 0.771943 
304.104736 455.042084 0.735938 
321.757751 270.870087 0.924917 
325.761139 270.867920 0.214092 
308.087341 274.767181 0.939180 
0.000000 0.000000 0.000000 
327.674957 466.804199 0.390423 
321.882874 462.890045 0.369408 
290.555054 458.921814 0.370206 
321.862244 472.685944 0.788291 
317.876129 474.584961 0.785343 
292.439880 462.828400 0.799261 
 
325.751373 272.833496 0.913684 
306.189117 302.137970 0.821144 
306.183716 302.240051 0.912682 
325.683197 333.533600 0.836776 
351.218292 313.984283 0.811388 
306.169952 300.200958 0.725707 
327.678497 331.564178 0.546461 
351.194946 315.927917 0.698643 
304.157501 366.787689 0.862649 
300.239319 366.872437 0.868065 
335.446472 413.889557 0.873090 
306.108551 460.813354 0.830349 
306.186432 364.906616 0.801987 
337.463715 411.836975 0.782152 
306.215027 453.094177 0.729414 
321.793579 270.829529 0.916481 
327.688995 270.851074 0.230548 
308.102570 274.714508 0.928139 
0.000000 0.000000 0.000000 
333.534424 472.591949 0.432625 
329.597382 464.805054 0.382393 
300.272583 455.013794 0.370907 
325.755402 474.553986 0.709130 
319.899200 474.587585 0.734923 
300.206055 462.783234 0.736466 
 
325.743134 272.796295 0.898847 
306.216614 302.122894 0.846787 
312.017700 304.044647 0.887615 
337.488678 323.765930 0.901402 
353.118042 300.281738 0.864959 
304.207947 298.295410 0.761368 
333.544434 319.869659 0.510884 
349.254913 302.213684 0.527182 
306.119812 366.868347 0.829179 
306.143463 366.920563 0.892504 
341.363312 413.854889 0.864379 
308.102905 458.926910 0.819741 
306.098175 366.839233 0.742136 
335.513519 413.793701 0.773130 
310.014191 457.000305 0.706606 
321.779419 270.779358 0.903691 
329.604858 270.797577 0.222183 
308.064758 272.896210 0.933752 
0.000000 0.000000 0.000000 
335.497742 472.620514 0.372920 
333.494659 464.813965 0.320218 
304.109772 458.878235 0.357428 
327.713013 474.573608 0.732982 
321.810638 474.576874 0.786557 
302.237488 460.918854 0.803257 
 
323.739471 272.714783 0.919646 
306.228882 296.332672 0.821257 
310.087036 296.352539 0.844225 
341.422089 317.795197 0.793329 
351.111206 288.523895 0.849746 
306.058716 294.402557 0.777223 
335.539429 315.899506 0.482817 
345.272858 290.390594 0.455093 
308.137665 366.753082 0.779003 
308.076019 366.806946 0.867894 
339.503601 413.890259 0.876565 
308.085052 458.948212 0.827407 
310.063660 364.915436 0.730964 
337.439880 413.772766 0.787663 
308.156525 456.958282 0.697292 
319.883911 266.977844 0.898124 
325.728210 266.918793 0.156727 
306.170441 272.832916 0.945812 
0.000000 0.000000 0.000000 
335.477356 472.602509 0.367679 
333.496582 464.809113 0.318936 
304.080322 456.980164 0.354311 
329.602570 474.602814 0.746632 
321.801056 474.602661 0.797604 
302.210846 460.926575 0.805152 
 
319.889862 261.098175 0.885274 
306.178986 290.392761 0.878158 
308.111145 290.404358 0.889647 
345.330658 304.117676 0.847783 
341.362610 274.720001 0.859101 
306.086639 288.563721 0.824041 
335.545258 304.148010 0.481826 
335.577484 274.840302 0.571160 
313.973785 360.946167 0.747922 
310.061615 362.921234 0.800624 
337.564423 413.786560 0.866527 
308.145416 458.936035 0.805888 
317.860748 358.999146 0.740079 
337.534821 411.852844 0.775143 
308.067902 453.089325 0.722848 
315.939972 259.165100 0.866079 
321.817078 257.254028 0.078563 
304.243195 268.891357 0.885342 
0.000000 0.000000 0.000000 
331.570007 470.684113 0.307338 
327.688904 464.781342 0.269290 
302.149597 456.938263 0.400778 
331.552887 474.573242 0.742508 
321.833344 474.570221 0.782510 
304.102356 460.932343 0.790854 
 
319.906250 257.180725 0.857989 
306.199005 282.589447 0.812318 
311.972565 280.646240 0.821691 
349.249725 288.541443 0.862231 
337.535980 259.176208 0.819585 
304.219635 282.618713 0.767406 
339.429504 290.428406 0.521258 
335.536682 264.949402 0.598440 
315.878082 351.255493 0.784339 
315.893463 353.103302 0.836534 
339.391724 406.069122 0.806238 
310.032867 456.963684 0.768496 
313.980591 351.222412 0.744015 
335.544586 404.057465 0.782141 
308.095673 454.997833 0.692262 
317.864807 255.166077 0.801391 
0.000000 0.000000 0.000000 
306.173767 259.076447 0.899970 
0.000000 0.000000 0.000000 
335.502869 472.621765 0.344662 
331.619202 464.788086 0.280023 
302.170227 458.886475 0.387556 
331.558899 474.562012 0.686532 
323.741394 472.675415 0.719659 
304.135468 460.875854 0.784520 
 
319.746552 247.402084 0.621185 
306.195099 272.862671 0.858053 
311.986511 272.839661 0.863266 
349.251740 274.707825 0.864511 
335.567322 247.389420 0.757477 
304.178955 272.893494 0.807657 
341.406281 274.805115 0.559808 
335.441650 255.133820 0.554699 
317.885529 347.260742 0.764204 
317.875397 349.194153 0.809922 
333.589447 400.270050 0.823867 
308.110260 460.807098 0.769567 
317.876434 345.310272 0.695143 
335.425262 400.146790 0.775202 
306.231628 454.993652 0.691300 
313.983215 245.398712 0.647052 
321.864014 243.455994 0.129177 
306.098511 253.245193 0.823612 
0.000000 0.000000 0.000000 
335.443756 468.753296 0.352123 
331.558594 462.912445 0.293233 
298.321625 460.803833 0.412421 
333.508301 474.609406 0.705604 
325.693634 474.611847 0.704640 
304.088104 462.883240 0.772966 
 
319.765198 243.391693 0.832510 
308.064209 263.019623 0.799348 
313.932861 261.072418 0.834037 
349.264374 259.030090 0.863414 
335.492493 229.710678 0.827310 
306.087219 263.057983 0.755512 
341.397125 259.183594 0.534462 
335.586029 239.458496 0.572596 
319.847168 335.582733 0.824120 
319.824585 337.430695 0.849121 
331.581573 398.124695 0.836152 
312.031830 458.910034 0.790986 
319.873383 335.551727 0.732587 
333.546844 396.221405 0.744963 
311.995880 449.180634 0.679963 
313.951660 241.504669 0.798118 
319.871552 241.365097 0.187884 
306.039429 245.374802 0.862176 
0.000000 0.000000 0.000000 
335.441772 464.777557 0.288391 
333.529449 460.916199 0.267058 
304.152863 458.907104 0.367699 
335.450226 472.678375 0.726880 
325.697327 472.673248 0.724271 
306.072357 462.848175 0.797526 
 
319.791779 235.606110 0.890055 
306.183838 257.190369 0.837595 
308.096924 257.162811 0.864772 
347.254578 243.410172 0.883687 
337.447998 212.117554 0.900202 
306.108765 257.195221 0.746241 
337.495880 243.482437 0.333025 
337.412964 221.895660 0.286051 
319.849426 329.600220 0.757665 
319.849792 331.555908 0.789280 
327.657990 388.395477 0.786618 
315.873322 451.097412 0.745616 
319.863220 327.652832 0.670513 
329.611542 388.427704 0.636009 
311.974426 447.271515 0.607983 
312.018127 233.624130 0.846594 
319.866760 231.667313 0.433533 
304.061340 241.372391 0.909501 
0.000000 0.000000 0.000000 
329.637421 464.849396 0.259675 
331.563354 462.818939 0.241032 
304.163788 456.940887 0.366072 
333.508057 470.718262 0.671561 
321.851685 468.734253 0.672133 
306.172699 458.940369 0.738190 
 
315.927094 229.715164 0.868072 
306.080658 253.255524 0.836110 
308.097626 253.198471 0.803078 
341.437622 229.702789 0.829309 
341.388672 184.682373 0.722625 
304.127686 255.179565 0.758523 
337.447662 235.570129 0.419215 
345.282257 190.555725 0.237282 
319.733948 321.847290 0.784637 
319.809326 321.878662 0.787307 
323.816406 382.610748 0.835396 
315.928864 447.124634 0.766879 
317.840607 321.826080 0.714521 
325.759155 384.417145 0.662533 
312.016205 445.187866 0.596923 
308.069855 227.795349 0.938660 
317.850037 227.724319 0.464135 
300.245056 235.561996 0.837309 
0.000000 0.000000 0.000000 
327.677307 462.804169 0.299418 
329.636322 460.823730 0.274561 
306.061096 447.229584 0.363391 
331.575409 464.858521 0.700866 
319.910095 462.935028 0.695797 
308.084320 451.098663 0.688752 
 
315.909882 225.749207 0.879538 
306.193665 245.395081 0.854700 
304.200928 245.445435 0.852959 
337.425690 221.838181 0.813994 
353.242615 176.806641 0.776689 
313.938873 243.523834 0.756970 
337.481476 223.823639 0.322608 
353.161987 180.711914 0.179191 
321.733032 319.754639 0.804851 
319.772461 319.823853 0.814415 
323.820343 378.633545 0.793063 
319.754181 443.240326 0.777330 
323.745056 317.884033 0.724470 
329.666412 380.498444 0.649777 
319.790375 441.312439 0.616909 
308.073425 223.873993 0.894679 
315.898743 223.846954 0.339606 
300.249359 227.780243 0.874780 
0.000000 0.000000 0.000000 
337.441193 460.801880 0.351279 
335.553314 455.002228 0.321967 
308.081696 445.236725 0.351564 
335.574768 460.913635 0.694105 
325.737762 460.864441 0.657773 
310.047150 447.150787 0.719704 
 
313.926239 225.694092 0.846694 
306.113770 243.379822 0.908703 
306.097076 243.489014 0.839334 
335.540253 214.100418 0.794167 
351.106720 184.711258 0.754992 
306.110107 241.527115 0.772296 
333.552612 223.838852 0.439712 
349.209473 196.383224 0.370407 
319.806732 315.893463 0.764306 
319.735474 317.828064 0.772442 
323.826080 372.762573 0.789515 
319.843658 439.311768 0.777209 
319.890106 313.946655 0.698610 
329.617462 372.777527 0.626768 
319.824677 435.457001 0.653607 
306.213806 223.786514 0.893762 
313.955933 221.843796 0.355720 
300.227966 225.871918 0.910970 
0.000000 0.000000 0.000000 
339.463501 456.982361 0.346589 
337.528931 449.155609 0.329651 
310.032379 445.106781 0.344256 
339.494019 458.942657 0.716470 
335.433899 458.951996 0.684982 
313.935272 445.236908 0.719190 
 
317.851776 221.840927 0.847771 
306.140961 241.547363 0.880949 
306.206085 241.536530 0.862968 
335.548218 216.014862 0.843926 
351.113617 182.746078 0.791453 
306.077850 243.401505 0.760550 
335.415894 225.721680 0.325581 
351.146667 194.498642 0.266187 
319.784607 310.041473 0.777450 
319.752777 310.081329 0.770000 
323.785400 370.816040 0.821206 
321.755249 435.460571 0.805989 
319.832611 310.019348 0.717361 
327.688934 370.814972 0.667016 
319.908661 433.482025 0.726184 
308.140900 217.981735 0.857633 
317.916718 216.051849 0.300833 
302.171112 225.766495 0.942879 
0.000000 0.000000 0.000000 
343.373688 453.035767 0.351985 
341.414825 447.181183 0.343676 
310.078674 443.188385 0.374844 
347.236877 456.993286 0.757296 
337.425446 458.864471 0.745588 
317.833374 445.183441 0.740741 
 
319.752319 217.988129 0.881052 
306.170471 241.483932 0.879431 
308.096161 241.501038 0.861203 
337.384155 221.875732 0.847093 
351.079285 194.468216 0.882106 
304.220001 241.537888 0.790572 
335.408356 227.710922 0.422730 
351.076843 202.310837 0.268939 
317.872559 310.032562 0.759546 
319.801483 310.026550 0.778555 
323.775452 370.810669 0.799007 
321.800476 433.497742 0.787430 
313.993683 310.029541 0.691280 
323.787933 370.815948 0.598414 
321.845978 433.471191 0.594984 
310.061218 216.006271 0.858915 
319.769012 214.035156 0.295011 
304.094208 225.723892 0.958907 
0.000000 0.000000 0.000000 
349.216705 451.076019 0.319916 
345.297821 447.137054 0.279441 
317.846252 443.238556 0.303913 
347.289490 453.031494 0.621373 
337.537048 453.058472 0.618922 
317.898102 443.282684 0.724268 
 
319.724182 221.858582 0.890182 
306.181854 241.558807 0.869001 
306.177734 243.365891 0.889634 
337.404663 223.835480 0.864513 
351.072571 196.430618 0.835306 
306.089447 243.377487 0.780337 
335.442932 227.798126 0.403502 
345.317841 210.198578 0.384787 
317.877808 310.032379 0.741041 
319.748901 310.038208 0.768000 
323.785767 370.771027 0.793418 
323.733673 435.420258 0.759458 
315.944214 308.157013 0.695941 
323.779510 368.887451 0.585996 
323.815643 433.479034 0.533995 
310.030487 217.986008 0.853399 
319.774475 216.013489 0.426666 
302.243164 225.787079 0.953067 
0.000000 0.000000 0.000000 
351.110504 453.075775 0.293606 
349.236755 447.222015 0.269444 
319.839203 443.258575 0.276154 
351.171204 456.925568 0.725490 
341.363556 456.949463 0.667771 
319.836914 445.159515 0.741083 
 
319.775146 223.809662 0.908775 
306.222595 243.537231 0.840874 
308.142700 243.491455 0.869555 
339.483521 221.841141 0.804141 
353.108154 192.513000 0.838728 
304.216553 245.436630 0.736273 
337.414703 229.751556 0.311759 
351.110107 210.116287 0.283488 
317.821136 315.892242 0.743437 
319.790894 315.877625 0.772035 
325.745453 374.691437 0.753831 
323.831512 439.317841 0.735079 
311.989166 315.892609 0.686901 
321.741913 372.713165 0.595447 
321.864288 433.537292 0.517996 
311.970276 221.855576 0.837712 
319.753510 219.958328 0.272321 
304.086151 227.699905 0.953158 
0.000000 0.000000 0.000000 
351.195679 454.990906 0.231061 
351.075867 449.118835 0.196479 
315.921722 443.285767 0.289551 
351.231781 458.914734 0.733443 
347.241669 458.925995 0.682356 
319.873413 445.287079 0.739116 
 
319.831329 225.811523 0.965460 
306.218018 247.367996 0.808971 
310.050232 247.358597 0.836294 
339.462799 225.870544 0.834643 
353.184357 196.351273 0.834131 
304.224548 249.333633 0.716741 
337.474243 231.683182 0.379504 
353.099701 208.180939 0.302818 
317.881042 319.785828 0.764137 
319.843353 319.782196 0.798771 
331.600159 380.591064 0.766635 
325.763763 445.140320 0.770005 
312.040314 319.790314 0.674983 
323.803192 378.634155 0.563198 
323.802124 435.455963 0.518386 
313.958527 225.742859 0.885530 
319.850586 225.723648 0.226986 
304.106232 229.718597 0.925382 
0.000000 0.000000 0.000000 
349.191132 458.922119 0.196075 
347.211456 455.017303 0.159595 
319.842255 443.275208 0.283891 
351.208618 460.899506 0.755818 
343.329834 460.899261 0.714851 
321.752380 447.244171 0.755818 
 
319.786530 227.881638 0.948886 
306.153625 257.034668 0.876035 
312.005127 255.156967 0.820949 
343.325562 229.722198 0.800912 
355.094147 204.253571 0.778722 
302.212585 257.147095 0.828961 
335.578461 241.444641 0.443915 
351.222504 219.908112 0.459492 
315.949615 323.734833 0.766501 
319.863312 323.740173 0.794894 
333.485443 384.550018 0.797727 
329.612213 445.287659 0.777199 
308.123047 323.739655 0.733598 
323.831268 382.607727 0.664993 
325.695465 443.269409 0.607043 
311.974854 227.774673 0.918295 
319.770172 225.875702 0.292185 
304.065735 237.563354 0.894621 
0.000000 0.000000 0.000000 
351.136810 460.953674 0.287107 
349.186523 460.806763 0.228658 
319.856873 447.168915 0.349943 
351.181763 462.858154 0.764998 
343.325256 462.852692 0.712877 
321.830353 449.217865 0.722370 
 
319.754272 237.538788 0.891688 
306.120850 262.991333 0.843154 
311.962769 261.033844 0.847869 
337.566132 241.509888 0.845500 
353.163208 219.896057 0.815546 
302.190002 264.984772 0.758872 
333.537476 255.158127 0.246771 
351.254944 227.789932 0.359908 
315.880890 333.496399 0.735378 
319.789825 333.484833 0.780704 
333.591949 392.296478 0.796975 
321.835968 454.997192 0.808174 
308.127502 333.515076 0.704011 
327.705231 386.519348 0.650995 
321.714478 449.162994 0.670260 
308.157898 235.581879 0.851344 
319.734406 231.644501 0.180488 
302.136475 243.492950 0.916570 
0.000000 0.000000 0.000000 
347.258514 460.909912 0.278288 
339.458679 458.924835 0.233157 
310.027710 458.929504 0.337904 
349.173187 464.796204 0.733315 
339.397339 466.747101 0.721372 
317.877686 460.956085 0.786977 
 
315.937714 243.450348 0.930310 
304.229279 270.886444 0.891898 
310.053009 270.778961 0.819120 
343.352112 245.471603 0.816861 
355.157318 223.808441 0.830008 
296.317017 272.831909 0.803791 
337.417480 257.125671 0.364657 
355.168701 229.688065 0.491754 
310.059845 337.525360 0.795456 
317.913635 337.522095 0.820655 
333.539337 398.260315 0.873658 
319.746582 458.930725 0.845534 
306.082977 339.393341 0.775666 
327.642517 398.183716 0.706975 
317.875366 453.043488 0.588457 
306.222412 243.383316 0.958066 
315.893646 241.435425 0.202426 
298.313843 253.226318 0.870909 
0.000000 0.000000 0.000000 
341.405853 460.932190 0.263196 
337.488037 458.949860 0.238216 
306.095337 458.945801 0.265205 
345.276459 466.813782 0.714479 
337.403259 472.606964 0.728126 
308.104889 462.852600 0.766279 
 
310.018768 245.449371 0.885521 
304.147919 274.784241 0.906238 
306.191589 272.885376 0.892513 
343.377869 257.140137 0.842434 
353.240112 227.703247 0.872490 
294.369324 276.708679 0.778203 
337.442413 261.136078 0.345774 
355.153931 235.585236 0.331065 
306.198608 345.297882 0.763813 
312.008484 343.385010 0.738341 
327.653870 402.082672 0.810248 
313.974060 460.834442 0.807743 
304.192871 347.221008 0.697259 
323.764984 400.222778 0.671048 
315.903656 458.906860 0.550085 
304.254944 245.368896 0.959620 
308.140869 241.531586 0.195958 
292.473724 257.084259 0.918054 
0.000000 0.000000 0.000000 
339.428741 462.929413 0.262599 
335.568756 462.813965 0.244201 
304.224426 460.954895 0.252580 
339.408142 468.771698 0.683513 
335.438721 472.666077 0.704311 
306.087036 462.951935 0.778982 
 
306.047302 251.239807 0.906238 
296.299408 278.715485 0.770925 
302.143402 276.809692 0.848124 
337.461670 272.769501 0.901536 
351.260406 243.439301 0.890701 
290.463470 278.740967 0.717736 
323.779755 276.808319 0.300499 
349.200562 257.073517 0.209562 
304.186676 351.122833 0.795112 
306.081909 351.150604 0.844233 
323.769928 406.027740 0.782930 
308.055023 460.871368 0.816114 
302.190308 351.118073 0.674091 
319.891418 402.160492 0.621272 
308.114441 455.043396 0.524749 
300.263092 247.355606 0.856812 
304.206207 243.449722 0.079601 
288.505249 257.232025 0.950316 
0.000000 0.000000 0.000000 
335.454041 462.835083 0.232737 
329.655212 460.869507 0.186193 
300.271240 460.825592 0.230780 
335.455109 468.696442 0.627975 
327.666748 470.688477 0.631381 
302.231720 462.926361 0.773487 
 
296.299713 251.260681 0.833048 
288.545013 280.657288 0.837039 
290.370575 280.621185 0.845841 
331.597534 286.507629 0.766718 
351.086731 257.224274 0.777422 
288.401031 282.578491 0.735732 
323.721893 290.368317 0.682249 
345.300476 266.956085 0.567054 
292.468353 351.139008 0.770906 
292.483215 351.175598 0.838980 
317.915436 404.114410 0.800175 
302.199799 460.827454 0.839152 
294.357910 351.127289 0.702660 
317.861450 400.235687 0.674963 
304.182434 455.014801 0.543259 
290.429657 247.374023 0.909104 
292.477936 245.368866 0.146277 
278.698120 257.228394 0.908116 
0.000000 0.000000 0.000000 
323.811829 462.820312 0.281368 
321.755676 460.858490 0.253908 
290.563049 460.784485 0.230065 
323.799072 468.713928 0.700370 
319.789673 472.639801 0.731929 
292.373505 462.885956 0.795786 
 
 
 
 
 
 
 
 
Last frame read and added to queue. Closing program after it is processed.
 
 
OpenPose demo successfully finished. Total time: 35.445921 seconds.
