Starting OpenPose demo...
Configuring OpenPose...
Starting thread(s)...
Auto-detecting all available GPUs... Detected 1 GPU(s), using 1 of them starting at GPU 0.
196.378693 261.042084 0.938080 
176.837616 288.475281 0.832224 
178.766907 288.574921 0.954868 
194.445557 321.786407 0.905793 
225.751328 306.128204 0.922608 
170.981033 288.389252 0.748264 
194.368378 319.793518 0.436883 
221.911606 306.220856 0.346008 
165.118439 359.003754 0.804251 
165.085876 360.957550 0.841203 
178.745743 415.916290 0.891905 
147.371902 468.753235 0.821215 
167.025131 357.103180 0.733522 
180.686234 415.753082 0.874371 
180.654755 476.562805 0.879188 
194.382675 257.213409 0.943769 
0.000000 0.000000 0.000000 
180.696396 259.184204 0.950485 
0.000000 0.000000 0.000000 
210.139084 480.543976 0.767561 
208.113831 478.561707 0.720585 
176.744919 480.524139 0.669877 
165.050613 490.279358 0.823427 
155.267761 490.228912 0.814231 
135.732468 474.610046 0.783789 
 
206.197205 259.113708 0.927875 
180.826157 288.496063 0.862391 
182.738983 290.391205 0.946306 
200.327118 323.750092 0.848046 
225.845337 306.128021 0.910075 
180.705475 286.544250 0.771450 
196.500778 317.885925 0.537759 
223.824341 306.041718 0.676985 
167.055344 357.064270 0.787835 
167.059631 359.024719 0.819311 
184.656311 415.753601 0.878169 
163.021530 470.703033 0.855211 
168.970016 355.163391 0.730323 
182.734543 413.887756 0.868095 
180.665375 474.608795 0.892710 
198.368484 257.125610 0.947367 
204.227478 257.177887 0.089943 
184.693497 259.180054 0.898306 
0.000000 0.000000 0.000000 
206.235733 480.504242 0.803457 
202.273285 478.480225 0.760934 
176.854584 478.521942 0.600761 
182.683411 484.439514 0.755349 
172.904373 486.358307 0.729743 
151.402359 476.568878 0.800397 
 
210.053894 259.214630 0.930703 
184.667603 288.490234 0.851085 
190.507828 290.416260 0.914861 
196.377411 327.671448 0.882276 
219.956055 310.031281 0.828392 
180.807037 286.478485 0.794681 
196.398865 319.803772 0.583715 
215.999481 306.167236 0.738595 
168.983994 355.082886 0.804424 
169.023239 355.159790 0.820249 
188.557693 415.781097 0.857648 
166.993149 470.700531 0.842651 
169.006424 353.217804 0.735246 
188.606964 413.881104 0.838059 
178.800415 470.696167 0.810695 
202.283432 259.010406 0.907217 
208.139755 257.181885 0.172014 
192.445587 261.095581 0.888397 
0.000000 0.000000 0.000000 
204.277893 480.448669 0.748645 
200.318848 476.627960 0.722724 
174.859268 476.569824 0.378800 
194.443542 486.337616 0.773262 
182.731506 488.293335 0.711929 
163.019989 476.580780 0.811921 
 
212.069504 259.222382 0.953927 
192.425140 288.499573 0.829473 
194.385742 290.456482 0.926291 
192.478683 327.683014 0.808182 
217.945541 319.842041 0.860275 
184.633560 286.495300 0.740879 
194.477646 319.752563 0.388280 
212.181778 313.924072 0.537485 
170.924179 355.084015 0.798388 
172.914520 355.172577 0.814185 
190.560440 413.924591 0.864954 
176.740677 474.601471 0.839149 
168.993942 353.210602 0.735493 
192.497726 413.822174 0.830836 
178.772202 472.610748 0.748251 
208.191635 257.239380 0.950112 
212.065125 257.183838 0.163872 
194.423233 261.117035 0.914348 
0.000000 0.000000 0.000000 
204.214218 480.458771 0.503390 
198.390518 476.636627 0.488997 
169.011032 476.560486 0.316448 
198.428314 488.291962 0.783783 
194.409851 490.261505 0.778151 
166.990311 478.546875 0.791151 
 
216.000092 263.066315 0.844654 
194.395782 290.413513 0.840199 
194.512695 292.439819 0.895863 
192.514633 331.589172 0.817101 
223.772781 323.801514 0.853935 
188.597458 288.452484 0.730059 
194.429184 321.828278 0.277072 
214.106781 321.771210 0.441860 
174.836182 357.031006 0.756171 
176.788620 360.937256 0.808141 
194.375137 413.927643 0.885096 
180.808838 476.556305 0.864618 
172.882141 355.089783 0.705650 
194.427734 413.833771 0.675892 
180.822815 474.542145 0.568292 
212.053146 259.141968 0.946738 
214.015411 259.021179 0.067863 
196.502609 263.062775 0.894425 
0.000000 0.000000 0.000000 
210.118149 478.562012 0.302323 
208.125717 478.480865 0.244738 
176.802124 476.586761 0.210190 
212.008682 486.350647 0.813606 
204.277802 490.252441 0.784795 
178.723618 480.483765 0.760624 
 
225.731354 270.828247 0.896644 
196.503723 296.310913 0.810408 
198.415436 302.179901 0.888272 
182.693665 335.585327 0.889577 
216.032516 339.424194 0.863677 
196.353378 290.508789 0.791017 
192.449554 327.652557 0.204547 
214.086563 335.576111 0.426586 
174.849594 359.024872 0.746733 
176.823441 362.969208 0.827175 
196.483932 415.828522 0.883479 
182.701492 476.587036 0.834598 
170.919144 355.144226 0.705733 
196.448715 413.928406 0.716247 
182.754440 472.685364 0.647632 
217.946564 263.077881 0.824446 
225.678146 263.052734 0.195282 
208.125443 272.741302 0.916307 
0.000000 0.000000 0.000000 
214.042923 482.417267 0.380226 
212.015961 478.552399 0.336694 
176.850342 478.466064 0.296923 
212.072495 488.335480 0.745067 
206.188477 492.148621 0.733587 
178.757080 482.438049 0.749058 
 
227.692932 272.886993 0.946663 
202.294357 300.232971 0.770098 
204.238022 304.103027 0.900654 
184.659042 337.564453 0.835231 
219.894638 349.182770 0.839313 
198.435257 294.345001 0.737151 
194.445496 333.550140 0.250431 
216.000015 339.502747 0.409115 
176.792725 360.996460 0.755525 
176.792664 364.901978 0.837129 
200.314636 415.908661 0.841755 
184.665649 476.568573 0.797949 
174.890518 357.078644 0.675991 
200.355652 413.930481 0.728925 
186.635971 474.620697 0.667205 
223.822021 270.851288 0.878599 
227.648346 272.693054 0.107233 
210.077087 272.908447 0.947143 
0.000000 0.000000 0.000000 
216.045593 482.411652 0.423167 
212.133789 478.522858 0.395723 
178.759628 478.563416 0.314748 
212.111176 488.343506 0.709636 
208.103485 490.318420 0.699697 
178.819504 482.434204 0.723700 
 
227.698853 274.820526 0.958144 
204.226318 304.070312 0.785102 
204.228912 304.227692 0.912714 
188.573029 339.509521 0.798304 
221.901810 351.162994 0.888484 
202.271713 300.217834 0.697073 
194.511856 335.551910 0.241482 
219.902634 351.116241 0.283617 
178.695023 364.828491 0.783983 
176.827606 366.777863 0.854695 
208.090576 417.774170 0.827547 
184.695206 478.443390 0.800920 
178.750565 360.985779 0.694573 
208.121017 415.792572 0.762666 
188.563583 476.505188 0.676825 
223.834183 272.853180 0.930277 
227.686707 272.809204 0.163292 
210.096924 276.725677 0.921968 
0.000000 0.000000 0.000000 
216.005493 482.486603 0.415706 
212.112473 478.587524 0.388194 
178.793747 478.596771 0.318647 
212.068695 490.240601 0.734796 
206.182785 492.171631 0.729651 
178.838867 484.368439 0.738861 
 
227.789047 276.730225 0.926702 
208.113937 304.169403 0.812384 
208.129456 306.096313 0.916809 
194.455368 343.372498 0.859980 
225.792236 351.139496 0.925381 
206.201538 302.177277 0.708797 
200.357224 337.548706 0.233493 
225.765991 351.113251 0.329396 
180.682816 366.890045 0.829187 
178.855972 368.758850 0.890707 
212.000183 417.766266 0.850464 
188.555954 476.533722 0.769416 
180.710648 366.812347 0.728471 
212.065552 415.780579 0.824453 
192.490250 474.620575 0.739756 
225.738937 274.723541 0.956435 
227.798996 272.893677 0.183250 
211.993164 276.812164 0.910239 
0.000000 0.000000 0.000000 
223.786850 486.384094 0.557561 
216.031219 480.495056 0.505251 
180.728287 478.590088 0.366463 
212.120956 490.319611 0.687016 
206.178375 492.213196 0.657272 
180.673462 480.521515 0.705337 
 
227.694534 276.816589 0.917031 
204.280807 306.150604 0.816074 
210.021820 308.063721 0.912776 
206.173920 345.278198 0.791259 
239.482803 347.214081 0.829233 
198.390823 304.215118 0.788707 
210.074280 341.367523 0.305053 
233.621429 341.380554 0.374476 
182.742981 370.806702 0.785596 
184.677200 372.731720 0.815859 
216.023117 427.530518 0.807070 
192.497986 474.607666 0.813428 
180.822876 370.760803 0.710847 
216.016174 419.734131 0.746093 
190.522400 470.721741 0.752659 
223.814560 274.779938 0.926720 
227.668488 272.913879 0.131528 
210.057190 280.667999 0.876152 
0.000000 0.000000 0.000000 
219.900024 484.422729 0.463729 
214.054184 478.618774 0.434670 
178.806381 476.467834 0.454351 
212.129105 490.244202 0.740696 
208.118927 490.318756 0.700018 
182.662994 478.460632 0.727905 
 
225.757584 276.769287 0.928843 
200.380402 306.135803 0.845234 
208.203873 306.204712 0.914438 
210.150421 345.283325 0.841751 
241.519974 337.447388 0.884706 
196.392822 304.222076 0.850927 
212.067871 337.472076 0.523145 
239.548813 335.444458 0.642554 
188.553345 374.681580 0.776143 
192.455902 378.565796 0.822335 
225.781067 425.636505 0.844111 
194.498215 474.543579 0.857122 
182.764526 372.732147 0.725107 
221.835480 423.636627 0.742253 
190.514114 470.697357 0.742381 
217.949554 274.769226 0.904284 
223.864655 272.900940 0.231897 
208.093567 280.675751 0.847023 
0.000000 0.000000 0.000000 
214.094086 482.472473 0.290726 
212.042938 478.560242 0.267947 
178.777771 474.605286 0.508401 
214.029678 488.336639 0.732251 
210.065964 490.231995 0.738368 
184.678238 476.590149 0.768332 
 
223.794067 276.773895 0.886378 
198.344574 306.140350 0.886623 
208.117172 306.142731 0.909984 
215.982483 341.434021 0.831092 
243.490585 323.830719 0.865522 
194.375778 306.111694 0.855716 
212.120728 337.504028 0.469599 
239.525650 325.692444 0.469652 
192.416412 378.610840 0.787092 
194.370102 380.543701 0.859547 
227.783478 427.587799 0.846153 
194.491241 474.614471 0.851528 
186.627213 378.584503 0.695787 
225.757751 423.677673 0.762039 
194.429611 470.701385 0.771441 
214.037888 274.766510 0.940114 
219.920547 272.887054 0.162982 
202.293442 280.652466 0.832501 
0.000000 0.000000 0.000000 
217.952820 486.382904 0.352303 
212.146393 480.469971 0.322305 
180.817108 472.669373 0.407453 
212.109085 490.300995 0.754399 
208.135483 490.305786 0.731113 
184.691772 476.609039 0.725594 
 
219.914948 276.728790 0.885399 
198.335068 306.046051 0.889697 
206.231384 306.089783 0.917555 
227.819733 335.506561 0.929713 
245.378983 308.120605 0.812291 
194.411453 304.229462 0.847268 
225.734589 331.551117 0.530981 
241.518448 312.021851 0.566003 
194.434784 380.550659 0.842186 
196.394180 382.424683 0.877212 
229.770416 429.454712 0.838148 
194.446869 472.666229 0.831804 
190.546097 380.521545 0.714624 
225.830994 427.513031 0.794929 
196.413223 474.542450 0.801947 
212.137390 274.738312 0.972322 
217.988754 272.883606 0.173363 
198.446762 280.621521 0.854481 
0.000000 0.000000 0.000000 
221.905685 490.230560 0.527798 
217.980469 482.473755 0.458632 
188.572632 474.585175 0.377132 
210.152664 492.184143 0.760599 
204.232666 490.312531 0.703540 
182.744339 476.506836 0.750985 
 
212.044006 272.831573 0.941921 
196.455948 298.250916 0.841058 
204.269897 296.357239 0.837363 
241.392242 310.089966 0.869583 
239.535690 280.638916 0.872520 
192.473923 296.324829 0.771063 
216.046432 306.195343 0.267350 
225.836411 284.573883 0.285734 
196.525024 370.787079 0.797696 
202.262054 370.830200 0.797417 
227.851257 429.475433 0.860232 
196.376358 474.586578 0.837161 
196.358276 370.774750 0.749517 
229.689514 423.656769 0.756775 
194.519577 468.734406 0.791821 
210.023560 270.844238 0.873818 
212.180542 272.690735 0.128282 
196.358307 272.883972 0.935639 
0.000000 0.000000 0.000000 
221.904846 488.292725 0.427300 
217.944016 480.513397 0.365942 
182.706619 472.594025 0.468107 
214.046326 490.303650 0.757354 
210.092560 490.289917 0.749456 
186.628235 476.583466 0.747100 
 
210.117599 261.070618 0.921776 
196.472748 288.564728 0.877289 
202.255051 288.574738 0.901352 
241.481842 296.301178 0.876383 
229.760193 268.853455 0.848317 
194.490692 288.522552 0.827384 
225.745880 302.145813 0.303210 
225.822723 272.742493 0.427898 
206.209747 366.800415 0.785626 
206.167786 366.863068 0.823770 
227.753708 421.745605 0.828320 
196.373505 474.553131 0.818198 
208.117172 364.928375 0.737888 
227.756226 417.819427 0.788648 
194.476334 468.724640 0.779170 
206.187820 259.143127 0.879124 
212.125931 257.188782 0.119167 
194.533554 268.858582 0.870218 
0.000000 0.000000 0.000000 
223.793686 488.321472 0.393061 
217.944138 480.522797 0.328101 
180.820938 472.654846 0.440566 
214.070679 492.133759 0.746303 
210.123367 490.312408 0.735173 
186.614777 476.589325 0.712093 
 
210.087341 257.220612 0.737556 
196.456085 280.688599 0.824257 
208.092987 278.708649 0.836921 
241.492935 282.598358 0.833345 
225.834290 257.141052 0.880528 
192.431183 282.575317 0.742060 
227.779724 286.482544 0.269360 
223.856842 261.051270 0.329923 
206.190796 355.092224 0.795932 
210.154648 355.121765 0.821612 
225.840210 415.827057 0.899117 
196.380844 472.632812 0.834504 
196.508820 355.097565 0.765265 
219.952103 413.953491 0.804736 
196.351608 462.932159 0.779798 
206.206238 257.076569 0.729337 
212.107513 257.011078 0.118197 
196.382050 259.108337 0.903304 
0.000000 0.000000 0.000000 
219.888153 484.424103 0.253515 
214.019760 478.527679 0.224321 
184.644043 468.741364 0.397306 
214.053162 490.215485 0.708948 
210.111588 490.226868 0.734224 
188.565918 476.592224 0.780589 
 
208.137878 245.458038 0.745654 
196.470581 272.817383 0.894140 
208.198242 270.889923 0.881323 
241.551697 268.873047 0.843967 
225.816696 241.430344 0.851402 
190.513275 274.704803 0.779764 
221.898346 272.726410 0.292118 
223.834518 251.243378 0.378233 
208.133392 347.276642 0.775426 
212.032959 347.286316 0.811510 
223.831497 408.012512 0.813166 
196.520935 464.850372 0.835108 
198.383224 347.253571 0.717473 
219.915985 404.114227 0.559853 
198.390396 462.824646 0.437269 
200.367523 243.547302 0.768805 
208.195816 243.402176 0.142729 
194.450745 253.229523 0.878119 
0.000000 0.000000 0.000000 
215.982315 478.485291 0.150203 
214.012680 474.640961 0.123373 
190.523178 464.814270 0.187866 
219.953979 482.480713 0.639830 
212.091202 484.397552 0.690032 
192.465103 472.637787 0.799229 
 
208.158615 237.591904 0.866551 
196.454681 259.061798 0.871340 
198.391708 259.104492 0.850116 
239.510025 237.561371 0.818619 
237.578690 196.504913 0.775153 
194.501785 259.055634 0.784365 
229.767654 241.524231 0.482847 
239.509674 217.946854 0.285193 
210.086121 335.449402 0.797813 
210.095734 335.485443 0.821208 
215.987610 396.268341 0.811170 
204.218536 458.899567 0.735628 
210.071732 333.586700 0.691727 
217.999344 396.261932 0.621618 
202.285416 456.952972 0.547805 
198.426086 235.558121 0.854541 
208.190308 233.626724 0.329073 
192.436569 241.457748 0.917752 
0.000000 0.000000 0.000000 
214.087204 476.510559 0.227839 
212.124512 472.626190 0.189069 
196.353165 460.875305 0.359023 
215.972061 478.492035 0.601226 
210.161804 476.592255 0.630908 
196.422409 462.799835 0.746567 
 
210.059097 231.647705 0.879135 
196.506836 257.089478 0.838610 
200.365982 255.169495 0.829793 
229.784882 227.696487 0.861259 
243.537338 194.353653 0.827875 
196.358170 259.031891 0.739705 
229.690201 231.660858 0.366660 
243.526321 196.397507 0.357791 
212.019104 331.609070 0.772007 
212.033066 333.511749 0.801075 
217.988541 396.224701 0.797829 
208.168213 458.944946 0.819777 
212.038864 331.573151 0.678726 
221.873367 396.188629 0.668937 
208.164230 453.072144 0.631840 
200.365036 229.697464 0.875780 
210.132812 227.804535 0.414562 
192.487106 239.518204 0.913318 
0.000000 0.000000 0.000000 
217.996979 468.709259 0.223602 
221.854416 464.852905 0.214615 
196.497742 460.817749 0.357711 
223.775406 476.514587 0.647488 
212.147522 474.634064 0.662592 
198.437775 462.850891 0.728670 
 
208.141388 227.801834 0.892932 
196.360870 255.116302 0.854206 
202.282120 251.254974 0.807663 
225.878662 223.861374 0.884878 
243.356842 192.512405 0.884458 
192.444275 257.084473 0.756447 
223.868561 229.795410 0.206198 
245.424561 194.410324 0.125939 
208.200104 327.693146 0.763144 
210.138367 327.706970 0.784095 
216.034790 386.491364 0.806229 
210.069748 456.976227 0.802527 
206.171280 327.673584 0.667333 
216.049042 386.468750 0.638623 
210.022049 451.146515 0.615516 
198.442291 227.710281 0.910987 
208.136871 225.842773 0.094498 
192.457626 235.598206 0.886637 
0.000000 0.000000 0.000000 
227.716705 474.598816 0.274383 
225.794083 468.753693 0.245080 
196.512512 460.808807 0.342840 
227.724747 476.582642 0.719322 
219.903793 476.537567 0.688863 
200.353882 462.792999 0.728533 
 
Last frame read and added to queue. Closing program after it is processed.
208.094223 227.710464 0.903985 
194.543457 253.221390 0.869570 
204.250458 247.375107 0.811029 
225.873962 225.721329 0.895520 
241.443359 192.517776 0.905096 
186.652374 257.039398 0.760205 
221.867310 237.572144 0.178844 
0.000000 0.000000 0.000000 
208.138489 323.780243 0.781360 
210.093903 323.771881 0.800292 
214.093933 386.499603 0.804696 
210.146011 454.996765 0.793696 
204.220200 323.801025 0.693431 
216.019363 386.466919 0.663822 
210.080826 451.077972 0.684698 
198.384140 225.846909 0.927261 
208.182358 225.767563 0.131574 
192.414154 231.708603 0.879644 
0.000000 0.000000 0.000000 
227.792450 474.520996 0.277199 
225.854050 464.844788 0.256610 
198.398849 458.937256 0.373405 
229.738068 474.642426 0.673786 
223.831192 476.471130 0.664236 
204.222351 460.915314 0.699289 
 
202.258041 227.740875 0.898677 
194.379913 255.201324 0.854942 
196.426788 253.186417 0.861158 
225.858231 225.852875 0.903934 
241.513351 194.345932 0.909324 
184.659286 257.175171 0.757853 
219.889847 243.384262 0.155954 
243.513489 194.480698 0.057798 
200.317398 323.818878 0.736801 
202.325546 323.805756 0.744024 
212.157013 390.367706 0.800992 
210.077377 460.805817 0.810311 
198.416245 325.687958 0.678600 
212.151184 388.437836 0.687298 
210.051346 456.974976 0.695874 
196.366928 225.886688 0.954571 
206.202026 225.866592 0.084406 
184.645660 233.670319 0.865163 
0.000000 0.000000 0.000000 
229.714172 472.633057 0.299946 
227.776749 464.807861 0.297592 
196.501862 462.816376 0.378959 
229.715775 474.629486 0.668593 
221.896957 476.519745 0.648000 
202.279175 464.810089 0.666749 
 
OpenPose demo successfully finished. Total time: 25.841013 seconds.
