Starting OpenPose demo...
Configuring OpenPose...
Starting thread(s)...
Auto-detecting all available GPUs... Detected 1 GPU(s), using 1 of them starting at GPU 0.
494.200989 455.049225 0.880934 
478.535797 472.651520 0.912838 
464.885437 464.797852 0.878280 
484.418518 474.604431 0.736763 
511.852325 458.906158 0.703390 
492.212280 478.471466 0.897177 
513.826416 492.158295 0.880060 
523.632446 460.978638 0.892132 
453.077789 539.249084 0.863288 
443.283844 537.272034 0.855686 
429.606781 580.396912 0.852386 
386.422882 621.619202 0.856221 
464.786987 541.177612 0.885875 
482.427338 582.336365 0.826676 
496.126678 625.478821 0.861260 
492.274384 449.115692 0.911910 
496.131714 449.220093 0.409566 
478.594269 449.111053 0.912956 
0.000000 0.000000 0.000000 
517.689331 637.253174 0.762472 
521.617371 633.350098 0.821436 
492.284943 633.326782 0.885933 
394.255829 637.260315 0.793171 
382.608368 635.250122 0.863504 
382.518707 625.457520 0.846957 
 
492.264008 449.165771 0.933297 
476.555969 470.721710 0.921825 
462.896820 462.940155 0.916895 
488.289124 468.715851 0.713424 
511.892273 449.111969 0.706913 
486.397675 476.603180 0.886309 
509.939240 486.354492 0.887918 
523.577454 460.813324 0.904468 
451.078644 537.300415 0.856807 
443.202484 533.369385 0.828575 
427.557770 578.411377 0.838540 
384.450134 621.614929 0.885956 
462.874939 539.271301 0.895814 
478.580627 582.329834 0.863117 
494.133881 625.462646 0.899344 
490.229828 447.112366 0.913099 
494.150757 447.253937 0.654258 
476.523132 447.212311 0.901934 
0.000000 0.000000 0.000000 
511.827026 637.183716 0.803445 
513.819397 633.285645 0.808218 
490.281189 633.269409 0.872341 
386.492035 637.297852 0.797546 
380.573639 635.288696 0.832048 
380.511078 625.487122 0.801681 
 
492.126465 447.275543 0.880580 
474.603699 470.656555 0.891508 
460.981537 462.859131 0.972980 
488.302155 464.808655 0.824025 
509.935303 445.294922 0.864304 
482.476227 476.563721 0.875068 
509.809570 484.390137 0.901816 
523.564636 458.972260 0.893190 
447.261414 539.214417 0.913476 
437.376221 537.245972 0.824362 
421.735260 580.404358 0.805471 
382.445221 623.473083 0.871923 
460.955566 541.152405 0.917756 
478.482452 584.245667 0.876190 
492.147675 627.411865 0.870506 
486.384949 445.285187 0.864036 
490.325867 447.153564 0.250604 
474.620880 447.153259 0.872836 
0.000000 0.000000 0.000000 
509.823853 635.282898 0.872162 
509.905334 633.227966 0.882324 
484.394531 633.341187 0.822417 
386.517395 641.158752 0.814830 
382.422974 637.265869 0.841741 
370.834076 625.442749 0.849220 
 
492.130524 447.278351 0.880793 
474.603394 470.656860 0.891319 
460.980499 462.858734 0.973067 
488.299774 464.812500 0.822518 
509.935822 445.298523 0.862775 
482.476135 476.564453 0.874961 
509.812561 484.394867 0.902105 
523.563416 458.972595 0.893151 
447.263092 539.214355 0.913311 
437.378906 537.246704 0.824700 
421.735229 580.404907 0.805384 
382.445038 623.474915 0.871592 
460.957184 541.151917 0.918088 
478.482697 584.245117 0.876320 
492.147919 627.408997 0.870520 
486.391846 445.287445 0.863860 
490.330170 447.155090 0.246726 
474.624847 447.155121 0.873347 
0.000000 0.000000 0.000000 
509.820190 635.281799 0.872564 
509.902771 633.226562 0.882974 
484.395203 633.337769 0.822326 
386.516510 641.160034 0.814694 
382.420654 637.266663 0.840377 
370.834167 625.445374 0.848787 
 
486.343170 447.297974 0.837586 
472.666412 472.604523 0.876571 
460.890015 462.895538 0.971009 
482.496490 462.924683 0.857086 
511.837860 445.213562 0.814870 
482.423004 476.621674 0.867095 
507.920380 482.466705 0.899664 
521.619690 460.781158 0.853523 
445.234375 537.325928 0.918213 
431.572449 533.384399 0.838433 
423.676331 576.519104 0.813013 
380.605682 621.608582 0.861253 
458.865295 539.323608 0.873003 
476.613037 580.374878 0.863926 
484.391510 625.429993 0.841540 
480.486237 445.306885 0.901994 
488.319153 447.148285 0.533390 
468.754913 447.169037 0.844483 
0.000000 0.000000 0.000000 
505.990082 635.250671 0.806630 
507.892334 633.213318 0.835314 
478.539948 633.250427 0.894067 
386.491119 641.156189 0.806850 
380.576965 637.264343 0.821528 
370.779388 625.424377 0.840668 
 
482.452667 449.192596 0.816763 
466.817474 472.657471 0.873077 
458.899017 462.929260 0.902239 
478.638977 462.770966 0.912416 
509.838013 435.414734 0.816816 
480.458588 478.451874 0.862198 
505.980194 482.417877 0.842221 
519.639954 449.179169 0.765522 
443.259644 539.174194 0.879750 
429.608368 533.408508 0.853917 
421.735626 576.525452 0.815058 
378.588379 625.436279 0.817274 
453.082245 541.143494 0.851150 
476.504181 580.364258 0.854353 
476.614258 625.467957 0.904464 
478.566895 447.176910 0.918862 
484.432770 447.215485 0.466885 
466.741180 447.273102 0.843875 
0.000000 0.000000 0.000000 
496.174164 635.341370 0.759413 
496.187958 633.282043 0.780719 
472.598328 633.183289 0.818671 
386.472076 645.077759 0.843029 
380.560333 641.163818 0.814726 
368.794891 627.427979 0.867670 
 
478.642914 449.130188 0.883923 
462.951721 470.683075 0.901517 
451.143341 462.938568 0.877233 
476.479950 464.877899 0.823151 
498.160675 445.241608 0.807085 
478.472076 476.597076 0.884595 
502.016510 482.431885 0.821640 
509.902710 456.995117 0.830200 
439.322632 539.226501 0.859557 
429.456055 537.252197 0.860437 
415.918060 584.260742 0.870279 
374.701355 629.401428 0.825736 
449.123901 541.146057 0.873165 
476.486694 578.411865 0.875483 
472.617676 623.549133 0.824851 
478.470917 447.128387 0.912940 
482.444916 447.218781 0.495451 
464.774536 447.203430 0.896342 
0.000000 0.000000 0.000000 
494.137848 637.196533 0.778017 
492.320068 633.328430 0.804115 
462.867065 631.316040 0.823107 
386.529114 648.891296 0.888673 
380.603973 646.972900 0.846334 
366.917603 631.352844 0.903059 
 
476.607056 447.241669 0.922541 
460.953766 468.708466 0.923442 
447.162048 462.922363 0.938113 
464.786255 476.613800 0.857694 
492.207092 449.169830 0.761591 
476.486938 476.494019 0.902176 
494.259308 486.380157 0.889234 
507.898621 456.958160 0.827526 
433.505554 539.331482 0.891637 
425.652985 539.222534 0.866867 
413.955444 586.194702 0.905476 
372.708038 633.261597 0.886845 
447.123810 541.216003 0.890202 
476.442993 580.409485 0.870303 
462.827118 621.624146 0.924597 
474.572021 445.262848 0.885648 
478.536346 447.118347 0.550247 
460.947845 447.183228 0.904805 
0.000000 0.000000 0.000000 
484.406128 635.353943 0.779179 
484.378540 633.328674 0.768600 
457.000519 627.419312 0.811868 
384.588776 649.048584 0.922463 
378.629883 648.956299 0.854150 
366.835052 633.347473 0.925720 
 
476.608429 447.241333 0.921915 
460.955566 468.712585 0.923526 
447.161133 462.926056 0.937462 
464.792908 476.615326 0.859595 
492.210052 449.158783 0.768565 
476.490662 476.496002 0.902838 
494.268707 486.384552 0.885917 
507.895691 456.956146 0.824723 
433.504608 539.330017 0.892215 
425.652069 539.221008 0.866693 
413.956268 586.194580 0.905451 
372.707489 633.261414 0.886946 
447.123444 541.215698 0.890519 
476.443085 580.409729 0.870359 
462.827637 621.624390 0.924416 
474.572906 445.263306 0.885460 
478.538544 447.118622 0.543997 
460.946747 447.185822 0.903975 
0.000000 0.000000 0.000000 
484.406158 635.353638 0.778889 
484.378448 633.328491 0.768230 
457.001526 627.419189 0.812076 
384.590149 649.049805 0.922094 
378.630676 648.957458 0.854514 
366.834534 633.347656 0.925659 
 
476.467773 447.262909 0.813589 
460.796021 468.723236 0.882301 
445.296295 462.915253 0.951536 
462.804901 478.554535 0.887047 
478.595642 456.998840 0.792210 
470.704437 476.503265 0.832464 
494.133514 490.235962 0.941098 
500.102386 460.830505 0.811146 
431.512787 539.277771 0.945410 
419.767670 539.150085 0.841043 
413.885742 586.199402 0.919111 
372.716553 633.365723 0.888765 
445.185364 541.190002 0.900382 
474.551636 582.394958 0.874423 
458.873901 621.556274 0.884008 
470.682587 445.238617 0.812962 
478.482574 447.151672 0.467764 
458.966248 447.159119 0.884684 
0.000000 0.000000 0.000000 
476.572113 637.231079 0.859491 
476.578400 633.381775 0.870538 
447.236969 623.543945 0.806194 
384.602692 651.011475 0.899904 
378.603699 650.922058 0.848121 
366.837219 635.238525 0.876063 
 
470.684753 449.139709 0.753732 
456.994080 472.642487 0.858907 
445.140442 462.964111 0.928573 
451.106384 488.312836 0.813576 
474.571411 462.793060 0.818100 
466.784363 476.591888 0.849184 
492.148529 494.178040 0.946351 
494.277161 462.956268 0.881532 
429.581146 541.137268 0.948349 
415.946411 539.256470 0.891817 
411.921600 588.211243 0.894617 
368.926636 637.263245 0.879250 
443.192810 541.251526 0.859357 
470.723816 582.326660 0.850689 
447.170197 619.701050 0.963989 
464.833954 447.112793 0.843454 
474.566315 447.195709 0.556097 
456.934631 447.191437 0.830666 
0.000000 0.000000 0.000000 
466.759583 637.222351 0.813775 
466.740356 635.184265 0.793934 
441.264069 623.520996 0.801507 
384.554108 658.742554 0.867716 
376.662476 654.896362 0.802816 
364.871490 641.154358 0.831017 
 
466.776001 449.120300 0.776543 
453.087830 474.628540 0.870313 
441.275299 466.761719 0.847665 
447.099274 492.164856 0.939749 
464.783081 466.747253 0.829813 
466.752136 478.529633 0.866844 
480.528137 498.149048 0.859539 
492.134033 472.649170 0.834806 
427.615723 541.187378 0.896127 
415.772552 539.284424 0.902808 
409.944031 590.259155 0.836435 
366.943451 643.125916 0.875151 
437.392365 541.298584 0.834042 
468.766418 582.323608 0.839432 
443.183228 619.578796 0.928241 
462.889404 445.309540 0.874494 
470.677429 447.149017 0.553701 
449.213684 447.217896 0.850478 
0.000000 0.000000 0.000000 
458.976501 637.216187 0.842033 
458.960297 635.201660 0.828174 
431.522949 619.689819 0.825919 
384.496796 660.753601 0.858144 
374.693085 660.740601 0.793047 
357.099548 647.021851 0.786419 
 
460.884033 453.069916 0.816738 
447.250061 476.513550 0.920947 
433.489990 472.658936 0.881347 
441.280518 496.150787 0.834804 
462.815338 474.618927 0.819495 
462.816223 478.486542 0.876319 
478.456818 505.937531 0.928142 
482.413208 476.505951 0.826486 
423.664429 541.144287 0.866819 
413.820648 539.278809 0.893440 
407.957886 592.195251 0.810053 
364.913086 648.893127 0.879948 
431.616547 541.220459 0.883449 
466.767487 580.407593 0.845257 
431.584747 619.595764 0.932586 
457.006927 447.262329 0.841874 
462.819519 449.113312 0.747369 
445.291626 449.162415 0.842982 
466.760284 453.076294 0.057713 
447.262878 643.062317 0.836064 
447.273651 637.184387 0.815993 
425.573730 621.506470 0.740366 
382.617767 662.626160 0.848115 
372.778778 662.677368 0.809610 
353.148560 650.854675 0.839405 
 
460.877686 453.090302 0.815669 
447.241821 476.515259 0.922262 
433.487701 472.664246 0.882470 
441.288422 496.158722 0.835089 
462.826508 474.617340 0.822459 
462.802643 478.485718 0.874997 
478.454712 505.934753 0.927161 
482.412354 476.503235 0.825631 
423.664246 541.153015 0.866973 
413.818420 539.289307 0.893504 
407.956787 592.198242 0.809570 
364.912720 648.893433 0.879810 
431.618683 541.226440 0.882680 
466.778381 580.409119 0.843743 
431.584839 619.593628 0.933553 
457.002411 447.272339 0.842259 
462.816040 449.128143 0.750412 
445.289429 449.164215 0.846562 
466.748596 453.077484 0.058031 
447.264221 643.057373 0.836017 
447.273376 637.180847 0.816199 
425.582520 619.702332 0.740095 
384.406219 662.624146 0.848726 
372.780579 662.678345 0.810298 
353.148010 650.855469 0.839061 
 
460.829407 458.926636 0.866995 
447.099823 478.447144 0.953152 
431.459381 476.481354 0.958024 
431.500305 505.922211 0.902415 
458.956451 478.611115 0.856133 
460.908752 478.629517 0.876213 
474.542572 509.878326 0.886856 
478.491943 486.369812 0.841317 
419.728149 543.154297 0.850867 
411.855865 541.251953 0.857568 
406.009033 598.038269 0.803121 
364.902832 648.996216 0.890846 
431.509155 543.205627 0.869891 
464.806244 584.263123 0.882047 
429.460083 619.535461 0.953254 
455.016144 451.130463 0.809226 
462.782135 453.037415 0.822759 
445.150543 453.097809 0.804170 
0.000000 0.000000 0.000000 
441.291351 645.008789 0.790650 
443.251221 637.270691 0.806078 
415.887543 619.629272 0.798227 
382.502899 662.722717 0.830236 
370.800476 664.558167 0.821791 
353.166656 650.966553 0.857591 
 
460.795868 460.920044 0.894278 
445.108093 478.524017 0.918304 
429.575592 476.538147 0.970930 
427.602875 507.856659 0.903785 
457.005890 482.456757 0.825591 
456.958130 480.549896 0.815138 
462.925934 513.836792 0.860404 
476.499023 492.260529 0.892330 
415.863800 543.229736 0.894901 
406.033417 543.171570 0.830361 
406.020630 599.945618 0.820796 
364.854736 650.889282 0.882886 
429.508026 545.123169 0.875512 
460.957520 586.174438 0.938366 
421.733002 617.640137 0.911597 
453.067352 458.859192 0.806689 
460.951752 458.891449 0.802723 
443.246246 458.885406 0.817852 
0.000000 0.000000 0.000000 
429.592804 639.175476 0.758014 
431.487000 635.337341 0.803268 
413.926422 617.644104 0.778427 
380.518036 664.666504 0.774447 
368.828125 664.664185 0.806557 
353.130707 651.035339 0.842313 
 
460.821899 458.920868 0.864539 
441.290710 480.470367 0.870023 
429.429596 478.523407 0.969589 
419.769104 509.936432 0.886986 
447.286560 492.333252 0.941958 
451.144714 482.438171 0.810571 
460.932556 523.482605 0.920970 
468.733490 496.217438 0.786065 
413.956909 549.054749 0.870927 
402.136597 547.124023 0.807500 
406.040253 601.876526 0.849903 
362.968567 650.903503 0.869149 
427.547516 551.004395 0.827795 
458.959351 586.217407 0.922494 
415.830139 617.630188 0.956202 
455.006805 453.028320 0.779046 
460.871460 456.927673 0.341397 
443.233551 458.858673 0.824126 
0.000000 0.000000 0.000000 
421.699738 637.235596 0.682564 
425.631989 635.315369 0.698798 
409.952423 617.659302 0.695449 
378.623993 664.704712 0.802012 
368.796295 664.683716 0.818062 
353.103333 651.021301 0.839394 
 
458.885712 460.799255 0.862715 
437.385223 482.438721 0.832734 
427.530945 478.582581 0.921445 
413.928833 515.742126 0.911753 
447.106964 502.065247 0.891272 
447.280518 486.363037 0.818673 
453.024567 527.573242 0.804479 
462.860840 509.801361 0.857481 
413.913757 551.010010 0.879310 
400.262451 547.118042 0.817420 
402.193726 602.011841 0.870148 
364.863007 649.039307 0.860697 
427.526398 553.005859 0.853000 
458.863556 586.348877 0.916922 
413.819244 617.611694 0.925763 
449.217834 456.919098 0.806074 
458.870422 456.981934 0.243677 
441.283508 458.958405 0.823512 
0.000000 0.000000 0.000000 
415.819977 643.098572 0.734809 
417.785675 639.183228 0.703088 
404.074280 617.635925 0.640707 
376.644562 664.628662 0.767722 
366.904633 664.590393 0.768069 
353.150299 650.969360 0.802433 
 
458.888184 460.809631 0.868788 
437.382477 482.433563 0.833872 
427.529846 478.580994 0.921387 
413.927948 515.742859 0.912311 
447.105194 502.065491 0.891765 
447.279785 486.351227 0.819674 
451.147583 529.431946 0.803005 
462.859406 509.806458 0.859597 
413.912842 551.010315 0.879773 
400.261719 547.119934 0.817560 
402.181946 602.017517 0.872302 
364.860352 649.045532 0.860763 
427.524414 553.004578 0.852252 
458.864410 586.349548 0.916680 
413.818054 617.606628 0.924938 
449.225922 456.935089 0.808259 
458.869415 457.000824 0.236447 
441.300995 458.964844 0.826701 
0.000000 0.000000 0.000000 
415.812134 643.090759 0.733301 
417.778870 639.176270 0.702581 
404.074554 617.628113 0.640899 
376.662079 664.639282 0.771605 
366.917877 664.602966 0.772767 
353.144196 650.975403 0.804582 
 
455.054108 458.972778 0.801108 
433.508179 484.438812 0.832222 
425.579559 480.511230 0.870671 
411.873627 517.732605 0.853985 
441.322723 507.992676 0.896528 
447.102478 488.338043 0.807970 
445.202057 531.404480 0.785848 
460.915924 513.777832 0.798608 
413.799744 552.944092 0.875346 
400.146027 550.995728 0.828262 
400.235382 603.983459 0.876867 
364.816193 650.852661 0.853557 
423.670288 554.857178 0.850220 
453.026978 588.169067 0.890345 
409.919708 619.506287 0.862798 
449.120178 455.001038 0.796628 
456.920746 455.015839 0.148805 
439.345551 458.973419 0.820360 
0.000000 0.000000 0.000000 
409.986542 646.980957 0.658363 
413.829254 643.062744 0.653968 
400.150665 619.579590 0.566797 
376.688110 664.639343 0.771899 
366.925354 664.623596 0.753258 
353.109528 650.979248 0.799260 
 
451.109589 458.903961 0.817884 
431.575897 486.337280 0.871937 
417.873932 482.411133 0.865857 
404.071350 521.561462 0.865663 
439.348969 511.907227 0.839497 
445.277557 488.356995 0.849228 
443.198120 537.235596 0.756144 
458.916718 519.624817 0.750758 
413.810791 554.850708 0.895759 
400.150238 552.981445 0.867654 
402.181854 607.853882 0.836160 
360.992493 650.909546 0.850327 
425.586578 554.921448 0.852263 
447.225006 588.273254 0.914974 
400.201752 619.682556 0.858220 
447.157715 451.149872 0.838472 
451.096466 453.059204 0.126816 
433.529785 460.777161 0.840196 
0.000000 0.000000 0.000000 
404.112427 649.008179 0.776729 
407.960693 646.966187 0.714263 
390.356506 623.484253 0.539288 
380.527832 664.664551 0.846336 
368.832336 664.687256 0.771971 
351.217712 651.005676 0.817089 
 
449.109375 460.868958 0.872700 
429.576904 484.414948 0.880860 
415.851349 482.442657 0.894432 
402.121704 521.627441 0.888063 
437.421051 517.697815 0.820179 
443.192413 486.377197 0.803120 
431.603333 533.355774 0.713303 
449.138184 523.645569 0.729294 
411.865936 553.009155 0.834084 
398.260651 552.972656 0.846892 
406.059906 609.752014 0.833788 
362.955658 650.953186 0.860884 
419.750488 554.851868 0.827410 
445.234802 592.189026 0.862225 
398.111328 627.445007 0.781810 
445.267365 456.954803 0.835729 
447.208801 458.943573 0.104208 
431.553284 460.839264 0.893403 
0.000000 0.000000 0.000000 
402.128876 650.930237 0.820229 
402.167450 648.934265 0.750096 
384.484528 631.370361 0.605288 
380.590027 664.695312 0.851527 
370.753479 664.705322 0.746519 
353.094513 651.038757 0.825555 
 
447.223877 460.819000 0.898105 
429.473419 484.376648 0.879479 
415.764984 482.413849 0.912149 
400.243378 521.653809 0.916095 
435.473511 517.731018 0.822367 
439.343079 484.433228 0.806235 
431.487915 525.552856 0.600733 
447.126740 525.555237 0.595003 
407.962646 550.974792 0.796091 
398.158997 549.059631 0.804367 
408.002045 609.762573 0.829867 
362.943573 650.964294 0.868957 
415.923492 550.996338 0.835081 
443.235962 594.096191 0.829377 
386.515839 633.282349 0.812055 
445.189850 454.986694 0.842595 
447.185150 456.991699 0.105080 
431.456146 460.799683 0.890305 
0.000000 0.000000 0.000000 
400.076080 651.015259 0.913795 
398.290253 649.033813 0.862833 
382.436249 633.364441 0.608176 
382.490692 664.687317 0.913957 
372.748718 664.721497 0.760060 
353.074677 652.880798 0.841928 
 
447.219330 460.821594 0.900798 
429.473663 484.377014 0.879484 
415.766602 482.416473 0.912416 
400.244232 521.655334 0.916628 
435.470245 517.735901 0.821651 
439.345703 484.430481 0.806755 
431.482330 525.545227 0.590274 
447.102661 525.559326 0.582666 
407.966400 550.977844 0.796567 
398.160828 549.062683 0.804513 
408.008789 609.762817 0.830768 
362.943970 650.965393 0.868333 
415.926178 550.998901 0.834387 
443.236572 594.090515 0.829589 
386.521210 633.292114 0.810870 
445.185822 454.993927 0.842552 
447.175598 456.993530 0.103938 
431.455048 460.804474 0.891967 
0.000000 0.000000 0.000000 
400.086548 651.016541 0.913050 
400.078033 649.034607 0.861522 
382.440674 635.189819 0.613590 
382.486237 664.694153 0.907779 
372.739105 666.523804 0.755386 
353.076324 652.878906 0.838391 
 
445.291046 458.956299 0.917747 
427.562744 486.324890 0.856869 
413.911194 482.441101 0.909094 
400.250885 523.511963 0.906341 
435.459198 517.706360 0.822978 
435.450378 486.375977 0.816943 
429.608582 527.527954 0.669712 
445.271973 525.560791 0.662291 
402.193756 551.004456 0.818470 
396.238129 549.088806 0.798259 
407.998566 607.856995 0.831851 
364.892822 650.923828 0.901205 
415.776031 552.909546 0.856302 
439.311340 598.049927 0.805983 
384.495178 635.193481 0.799298 
443.200775 453.082672 0.822300 
445.227051 458.891907 0.086210 
429.469910 460.809570 0.900635 
0.000000 0.000000 0.000000 
398.196686 654.844421 0.893923 
398.154053 650.946777 0.856476 
380.505859 635.248840 0.490881 
384.409546 664.706299 0.935680 
378.582214 666.523865 0.788337 
353.151978 652.865417 0.865515 
 
445.143860 456.938049 0.839272 
425.577545 484.439331 0.832998 
413.860535 482.475220 0.901928 
402.185730 523.508301 0.864069 
435.478027 517.680725 0.824754 
433.434784 486.350494 0.827350 
429.601837 527.533203 0.619084 
447.110809 523.638184 0.574610 
400.263489 551.011108 0.847255 
394.255890 550.970276 0.795884 
407.982727 605.871094 0.846996 
364.832275 650.920349 0.883556 
413.878662 552.929626 0.845646 
433.473694 601.849731 0.862727 
382.588989 635.323730 0.790304 
437.363556 449.195099 0.812995 
0.000000 0.000000 0.000000 
427.542114 458.908722 0.868164 
0.000000 0.000000 0.000000 
396.248169 654.858582 0.873267 
396.222504 650.955383 0.842344 
376.634949 637.278198 0.457773 
382.471100 666.520813 0.914851 
372.734894 664.720520 0.773385 
353.139832 652.859253 0.879905 
 
441.330292 458.939362 0.827985 
417.819397 482.476837 0.848574 
411.934296 480.560791 0.892042 
409.924377 521.611145 0.832573 
439.374603 509.940063 0.882232 
429.541351 484.373596 0.852333 
429.487640 525.561157 0.652069 
447.184387 519.628235 0.551431 
400.108612 554.871643 0.883590 
390.351105 554.874756 0.829375 
409.960876 607.836792 0.847395 
362.947510 650.967896 0.850325 
411.841370 554.896667 0.823164 
429.560211 601.979614 0.903893 
380.568146 639.163330 0.793613 
433.520081 453.069122 0.805864 
0.000000 0.000000 0.000000 
423.686584 458.920074 0.851575 
0.000000 0.000000 0.000000 
396.208099 656.779663 0.902520 
396.166443 651.000244 0.847291 
370.823212 643.079895 0.475214 
382.462769 664.710571 0.816251 
372.723755 664.711792 0.696378 
353.104126 652.920288 0.853379 
 
435.432800 458.886169 0.798346 
415.851715 482.410431 0.843671 
409.991913 480.487976 0.879278 
413.769531 519.659241 0.875977 
445.141144 507.890472 0.880656 
425.624207 482.451385 0.789589 
431.434784 525.622803 0.781395 
453.082550 509.807281 0.683792 
400.082001 554.964294 0.898946 
390.358063 554.959106 0.837285 
413.790771 603.996216 0.883136 
366.793488 648.953430 0.832259 
408.026245 554.968506 0.835472 
429.464325 601.989502 0.906285 
378.570221 639.154541 0.776892 
431.509430 453.042664 0.829148 
431.531464 453.064423 0.083135 
417.872772 458.957245 0.853662 
0.000000 0.000000 0.000000 
396.203247 658.732544 0.795076 
394.317139 652.867493 0.734013 
368.752167 641.144592 0.388437 
382.615509 664.581665 0.791563 
378.559906 664.566467 0.709318 
353.203186 650.962402 0.802926 
 
435.434082 458.880585 0.799060 
415.849976 480.568115 0.843789 
409.990967 480.489044 0.878817 
413.769257 519.659607 0.876053 
445.135773 507.892639 0.881370 
425.620575 482.448456 0.789270 
429.628693 525.619141 0.779568 
453.068329 509.813934 0.677588 
400.082275 554.966003 0.898568 
390.360657 554.961182 0.837373 
413.791962 603.997559 0.882676 
366.789032 648.953125 0.831992 
408.025238 554.969727 0.835367 
429.464935 601.989136 0.907022 
378.574493 639.148499 0.779579 
431.509247 453.036438 0.832479 
431.532593 453.052490 0.083798 
417.871002 458.955902 0.854089 
0.000000 0.000000 0.000000 
396.195129 658.728210 0.792908 
394.309906 652.864746 0.733516 
368.759918 641.136597 0.396070 
382.596222 664.582336 0.788828 
376.660858 664.563110 0.705040 
353.202606 650.960327 0.804340 
 
433.524231 455.026428 0.748934 
413.953491 478.629822 0.865622 
407.975067 478.565094 0.869830 
415.801788 513.836548 0.869655 
447.185211 496.132233 0.852250 
421.685028 480.476227 0.799860 
433.476044 523.576721 0.788837 
456.954285 500.058350 0.689312 
398.276245 554.994995 0.893622 
390.343475 556.817749 0.825155 
411.936035 605.916626 0.858700 
364.836548 649.042542 0.822480 
407.990692 554.971802 0.833645 
427.559906 602.024536 0.892870 
376.666992 641.173340 0.771495 
431.434235 449.116394 0.786652 
433.504181 447.261993 0.094781 
417.803253 455.027374 0.778047 
0.000000 0.000000 0.000000 
396.190155 660.684875 0.863651 
394.286255 652.929626 0.785702 
368.789246 645.065796 0.412830 
382.503540 664.678894 0.802178 
372.764008 664.656677 0.694253 
353.104645 651.023560 0.807323 
 
431.484222 458.895142 0.531021 
409.942902 476.621094 0.812822 
404.126251 476.603394 0.896987 
421.718964 507.936523 0.858580 
447.128357 486.364441 0.788341 
413.789276 476.619904 0.814826 
433.482819 511.811371 0.763968 
458.893219 492.142273 0.811133 
398.166168 554.844727 0.870439 
388.432495 554.873169 0.818854 
411.893738 605.863647 0.853536 
362.963165 649.047180 0.812388 
402.128235 552.992493 0.820595 
427.548431 601.938477 0.887831 
374.660889 643.099182 0.772771 
429.598236 451.142426 0.524227 
0.000000 0.000000 0.000000 
419.796692 456.969025 0.731321 
0.000000 0.000000 0.000000 
394.302124 660.695557 0.801059 
392.342834 652.943970 0.719300 
366.834229 646.956177 0.400816 
382.535187 664.690063 0.811772 
374.656586 664.668091 0.707446 
353.083801 651.024597 0.801302 
 
429.576965 449.221680 0.866940 
408.020111 474.647919 0.797106 
404.082458 476.463715 0.882502 
429.479095 505.935608 0.849081 
449.202118 474.590424 0.784685 
411.932281 476.469147 0.783174 
437.371552 505.974884 0.491143 
453.038116 476.607208 0.616149 
398.110260 552.973022 0.842841 
388.400574 554.841492 0.816192 
413.802673 603.893494 0.880209 
364.878906 648.993408 0.796015 
400.228455 551.043823 0.812095 
425.625214 601.872070 0.859302 
372.751007 643.120850 0.773644 
425.594727 447.178253 0.854415 
431.474701 447.126251 0.208920 
411.907013 451.066101 0.851207 
0.000000 0.000000 0.000000 
396.167419 660.706482 0.796606 
392.350311 652.954529 0.708726 
364.914276 647.000732 0.386360 
382.572693 664.659668 0.767768 
374.715057 664.640076 0.680635 
353.118805 651.020935 0.781912 
 
427.617493 447.145264 0.916245 
409.942291 474.587799 0.810163 
402.145294 474.536072 0.861039 
439.327942 496.145294 0.802577 
453.043243 462.877258 0.830009 
413.909637 474.647552 0.817338 
441.305573 498.096100 0.495985 
453.090851 466.746460 0.671356 
398.122833 552.913696 0.825955 
390.334229 552.946838 0.788914 
413.891479 602.002991 0.866949 
364.923553 648.988647 0.750599 
400.215546 551.012878 0.797776 
419.775604 601.850037 0.804061 
370.792145 645.072754 0.768627 
417.860291 445.185211 0.859335 
427.584534 445.188385 0.340957 
406.043335 447.257172 0.853558 
0.000000 0.000000 0.000000 
394.260895 660.729980 0.744358 
390.381500 654.835693 0.656915 
361.004059 648.926331 0.383149 
382.578644 664.665527 0.710836 
374.708771 664.641785 0.639474 
353.134491 652.850403 0.729611 
 
427.619659 447.142822 0.916537 
409.941498 474.585846 0.809450 
402.146454 474.535034 0.860657 
439.323914 496.144867 0.801964 
453.047363 462.881409 0.828958 
413.908264 474.644714 0.816203 
441.308105 496.227570 0.495499 
453.089844 466.741364 0.671272 
398.121460 552.913025 0.825037 
390.334290 552.946533 0.788840 
413.887146 602.005127 0.868381 
364.928986 648.987915 0.749918 
400.212555 551.011292 0.797153 
419.785614 601.850769 0.806557 
370.798492 645.069580 0.768210 
417.864044 445.182434 0.858109 
427.586334 445.186523 0.331182 
406.050598 447.255280 0.853176 
0.000000 0.000000 0.000000 
394.279419 660.728027 0.757028 
390.400238 654.834167 0.665624 
361.006409 648.926758 0.382942 
382.592316 664.658936 0.706700 
376.616943 664.641418 0.633578 
353.136749 652.851868 0.728461 
 
421.750763 447.104156 0.890925 
404.074493 472.602600 0.781151 
402.128906 468.709198 0.852369 
443.219757 492.142334 0.827788 
447.231964 451.149963 0.809140 
409.947144 474.544312 0.716470 
439.318848 494.143951 0.533944 
449.200958 460.961853 0.715967 
398.119598 550.972839 0.800165 
390.348511 551.027344 0.769359 
413.813904 601.891052 0.832372 
366.782074 648.959045 0.687899 
400.196106 549.032837 0.783236 
417.768707 599.976196 0.795813 
368.926849 645.011780 0.735929 
415.861115 445.135040 0.890033 
423.710510 445.117249 0.444073 
402.133850 447.125549 0.888027 
0.000000 0.000000 0.000000 
394.266846 660.698853 0.682328 
390.377411 652.952576 0.607231 
359.057343 648.919250 0.389246 
384.453796 664.621094 0.661675 
378.572144 664.624817 0.599449 
353.177063 651.032593 0.675646 
 
423.641083 445.111725 0.819955 
402.141754 462.912628 0.805104 
402.134644 462.805298 0.904278 
445.120850 478.617920 0.831412 
445.203156 445.186523 0.850262 
402.178223 462.954254 0.703245 
439.318024 488.282928 0.461046 
445.255676 449.195190 0.669184 
398.094391 545.157288 0.772730 
392.331268 547.111877 0.744961 
411.933472 601.846375 0.836700 
364.919464 648.971558 0.753226 
400.091064 545.104858 0.758891 
415.815552 598.008911 0.765172 
370.746338 645.023499 0.758829 
417.761810 439.354828 0.803165 
425.643585 441.261292 0.231015 
404.095612 445.110870 0.824774 
0.000000 0.000000 0.000000 
396.194885 660.699280 0.711412 
392.337463 652.929138 0.632838 
360.963440 648.949646 0.354818 
384.514404 664.629761 0.742543 
378.635498 664.645020 0.676018 
353.139435 652.879883 0.744203 
478.531555 323.782684 0.448402 
494.253510 335.489746 0.389424 
480.533539 333.497528 0.277550 
449.149506 335.443604 0.242016 
468.697357 323.822723 0.217080 
505.980621 337.454895 0.346940 
494.175507 353.103424 0.122620 
480.472595 335.505341 0.159410 
490.294159 384.482391 0.142326 
484.402405 384.486115 0.125872 
476.558807 415.806274 0.070682 
0.000000 0.000000 0.000000 
494.196655 384.513184 0.156392 
492.263306 419.739716 0.078692 
0.000000 0.000000 0.000000 
478.528687 321.730591 0.202529 
480.513947 321.712463 0.508781 
0.000000 0.000000 0.000000 
494.190704 319.850586 0.470085 
0.000000 0.000000 0.000000 
0.000000 0.000000 0.000000 
0.000000 0.000000 0.000000 
0.000000 0.000000 0.000000 
0.000000 0.000000 0.000000 
0.000000 0.000000 0.000000 
 
417.789368 439.339294 0.407269 
400.212311 458.967438 0.775366 
402.145569 458.915497 0.851417 
445.186890 474.540192 0.842469 
443.227844 433.506073 0.806088 
400.125305 460.868225 0.715057 
431.485321 474.634796 0.273694 
439.358795 441.267029 0.343535 
396.249542 541.237061 0.770118 
396.186401 541.290344 0.770660 
411.928345 598.009399 0.795175 
364.869293 648.967773 0.753109 
398.134613 541.175781 0.721762 
411.888092 596.047058 0.724874 
368.899963 646.936035 0.774841 
415.863708 433.504547 0.435819 
0.000000 0.000000 0.000000 
409.924683 435.416687 0.717841 
0.000000 0.000000 0.000000 
396.239166 660.715942 0.730110 
394.225677 652.946045 0.637392 
359.058594 649.037598 0.362677 
384.474854 664.623474 0.746984 
378.598816 664.644470 0.667012 
353.110504 652.903992 0.740896 
478.523041 323.773071 0.433274 
494.296417 335.520935 0.369995 
482.490356 333.574524 0.252700 
449.142761 335.438782 0.191463 
468.749359 323.803467 0.193274 
505.962280 337.462097 0.328967 
486.372345 351.230255 0.129718 
480.468933 335.459106 0.160523 
494.216339 386.430481 0.139238 
494.203308 384.480713 0.123466 
500.082184 419.748444 0.051741 
0.000000 0.000000 0.000000 
496.171021 386.469879 0.147036 
496.202850 429.516846 0.071859 
0.000000 0.000000 0.000000 
478.533783 321.720367 0.181078 
480.500641 321.704803 0.493047 
0.000000 0.000000 0.000000 
494.188141 319.849243 0.449851 
0.000000 0.000000 0.000000 
0.000000 0.000000 0.000000 
0.000000 0.000000 0.000000 
0.000000 0.000000 0.000000 
0.000000 0.000000 0.000000 
0.000000 0.000000 0.000000 
 
415.874817 437.355865 0.806630 
400.206909 453.079346 0.768681 
402.136383 451.068695 0.845086 
445.287506 464.814606 0.802424 
441.284363 429.599426 0.717692 
398.258636 455.020294 0.697921 
445.177643 466.796692 0.534365 
443.242401 433.486359 0.637209 
396.244904 539.214111 0.763889 
396.196960 539.263977 0.787708 
408.005310 592.136230 0.802343 
366.763031 648.876038 0.773099 
398.132385 537.332153 0.702591 
411.841400 590.233398 0.784706 
370.767212 645.073303 0.790569 
413.901703 431.558899 0.842267 
419.741486 431.598358 0.442348 
400.209778 431.588013 0.820674 
0.000000 0.000000 0.000000 
396.231750 658.787170 0.748568 
394.241638 652.887573 0.669537 
362.943817 649.013489 0.375745 
384.480164 664.556335 0.754912 
378.628296 664.580261 0.686897 
353.191223 651.012268 0.756884 
478.530731 325.686615 0.611933 
498.107208 337.477631 0.456538 
486.397339 337.406372 0.332893 
449.148102 335.502014 0.144832 
468.747925 327.682922 0.156388 
507.875854 339.464050 0.425882 
480.560974 353.167328 0.147736 
480.460236 335.572815 0.209033 
494.190369 396.262726 0.110894 
492.238556 396.221008 0.096694 
0.000000 0.000000 0.000000 
0.000000 0.000000 0.000000 
494.225464 398.215393 0.127282 
0.000000 0.000000 0.000000 
0.000000 0.000000 0.000000 
478.516998 321.774261 0.219499 
480.508789 321.752167 0.710669 
0.000000 0.000000 0.000000 
494.227997 319.892761 0.630171 
0.000000 0.000000 0.000000 
0.000000 0.000000 0.000000 
0.000000 0.000000 0.000000 
0.000000 0.000000 0.000000 
0.000000 0.000000 0.000000 
0.000000 0.000000 0.000000 
 
415.872681 437.353546 0.806252 
400.205841 453.075134 0.768162 
402.136688 451.066406 0.845458 
445.279785 464.805817 0.809620 
441.297119 429.598999 0.727462 
398.255798 455.013306 0.697557 
445.164459 466.796539 0.509993 
443.240967 433.491425 0.623248 
396.250458 539.213684 0.763928 
396.205444 539.263428 0.788940 
408.011200 592.133850 0.802981 
366.766113 648.875427 0.772231 
398.135651 537.331665 0.701642 
409.984772 590.239624 0.782092 
370.766998 645.076172 0.788803 
413.900177 431.557434 0.842087 
419.739655 431.599091 0.438481 
400.211761 431.586029 0.822553 
0.000000 0.000000 0.000000 
396.229553 658.785461 0.744838 
394.237946 652.885559 0.665242 
362.939056 649.019226 0.373883 
384.484100 664.555481 0.754652 
378.631805 664.579468 0.686294 
353.194031 651.014038 0.754597 
478.535309 325.703339 0.606633 
498.128326 337.481476 0.442032 
488.343353 337.423309 0.313756 
474.610077 349.209473 0.070918 
0.000000 0.000000 0.000000 
507.876984 339.456726 0.405621 
480.554169 353.160889 0.140172 
480.457794 337.477936 0.183127 
494.222046 396.219604 0.104747 
494.219971 392.345795 0.091782 
0.000000 0.000000 0.000000 
0.000000 0.000000 0.000000 
494.240723 396.259399 0.115757 
0.000000 0.000000 0.000000 
0.000000 0.000000 0.000000 
478.532104 321.773499 0.204746 
480.508728 321.764893 0.707888 
0.000000 0.000000 0.000000 
494.242249 319.899017 0.616835 
0.000000 0.000000 0.000000 
0.000000 0.000000 0.000000 
0.000000 0.000000 0.000000 
0.000000 0.000000 0.000000 
0.000000 0.000000 0.000000 
0.000000 0.000000 0.000000 
 
415.883698 431.422516 0.827524 
400.227325 447.241852 0.796620 
402.166565 447.136780 0.897771 
445.157867 458.918915 0.809026 
433.518188 421.688354 0.746152 
398.236206 449.119141 0.720396 
439.342773 460.925171 0.399378 
435.419922 429.495300 0.421268 
394.305298 533.359314 0.722663 
392.311340 535.297058 0.741100 
400.221039 588.287231 0.883212 
364.912476 647.032288 0.806924 
396.275208 531.437927 0.713530 
413.840759 588.158386 0.878622 
372.718536 643.126587 0.785670 
413.905792 429.430695 0.786641 
419.781769 429.477264 0.242240 
400.272125 429.475555 0.832561 
0.000000 0.000000 0.000000 
398.131897 658.746887 0.768288 
396.200256 651.031433 0.700246 
366.811920 648.989685 0.376221 
384.497009 664.543274 0.774588 
378.624268 664.571533 0.721882 
353.179565 650.990601 0.793980 
478.502197 325.749359 0.660171 
500.065857 339.441772 0.463501 
488.348236 339.397339 0.320522 
449.209869 337.383667 0.073723 
0.000000 0.000000 0.000000 
507.920258 343.330109 0.434156 
494.194336 368.819305 0.127570 
478.608521 339.422913 0.165460 
498.127960 404.074860 0.138953 
498.124420 402.119141 0.120006 
0.000000 0.000000 0.000000 
0.000000 0.000000 0.000000 
500.080811 406.046814 0.155135 
0.000000 0.000000 0.000000 
0.000000 0.000000 0.000000 
478.457092 321.789856 0.238480 
480.495850 321.784546 0.757181 
0.000000 0.000000 0.000000 
494.281311 319.911987 0.665828 
0.000000 0.000000 0.000000 
0.000000 0.000000 0.000000 
0.000000 0.000000 0.000000 
0.000000 0.000000 0.000000 
0.000000 0.000000 0.000000 
0.000000 0.000000 0.000000 
 
415.822266 429.505005 0.379328 
402.109558 445.126038 0.789426 
406.046967 443.247864 0.853450 
445.120880 447.255890 0.835587 
433.468781 415.912140 0.790893 
400.137634 445.196259 0.753676 
437.417603 449.191742 0.490761 
431.613525 417.817169 0.487059 
396.247101 527.543945 0.734823 
396.212036 529.442810 0.739347 
400.151062 586.282471 0.880843 
366.787292 645.055054 0.793033 
396.270355 527.487305 0.697330 
404.100250 586.216797 0.778071 
372.759918 643.065613 0.765887 
413.927338 423.700348 0.369281 
0.000000 0.000000 0.000000 
409.956299 423.687073 0.633918 
398.209137 425.601044 0.097744 
398.245209 658.736694 0.743575 
398.101349 651.013977 0.687971 
366.831451 648.983032 0.373266 
384.572021 664.528564 0.732643 
380.560303 664.546326 0.689094 
353.201447 650.900085 0.773500 
478.528595 327.638855 0.607860 
500.103241 337.520996 0.463838 
492.274170 337.435028 0.319674 
476.503418 351.181946 0.067960 
0.000000 0.000000 0.000000 
507.868896 339.489319 0.436805 
482.441956 353.219727 0.154612 
478.585144 339.443878 0.181396 
498.125702 396.248993 0.134101 
500.090759 394.285370 0.114925 
0.000000 0.000000 0.000000 
0.000000 0.000000 0.000000 
498.112946 398.198578 0.151874 
0.000000 0.000000 0.000000 
0.000000 0.000000 0.000000 
478.543823 321.834961 0.157277 
480.496948 321.811310 0.716420 
0.000000 0.000000 0.000000 
494.249786 319.921417 0.644572 
0.000000 0.000000 0.000000 
0.000000 0.000000 0.000000 
0.000000 0.000000 0.000000 
0.000000 0.000000 0.000000 
0.000000 0.000000 0.000000 
0.000000 0.000000 0.000000 
 
415.784546 419.768951 0.335924 
402.083160 437.359955 0.733490 
402.146576 433.467224 0.863155 
443.183899 439.346130 0.771731 
431.550232 404.115906 0.807770 
400.225891 439.355865 0.654187 
441.318726 445.294739 0.497245 
431.562256 409.917206 0.489983 
398.234039 521.636414 0.782686 
396.238892 523.504211 0.773817 
398.162354 578.452148 0.844654 
366.757202 645.009216 0.830523 
400.214172 521.572205 0.737083 
409.956573 578.461548 0.787495 
378.609253 637.238098 0.808856 
413.859955 415.858521 0.374087 
0.000000 0.000000 0.000000 
409.929840 415.865631 0.706947 
400.106384 415.889557 0.072770 
398.117584 656.793884 0.741590 
396.265503 650.970520 0.739542 
368.837189 646.979553 0.371291 
384.478516 662.671753 0.833310 
376.650208 662.667664 0.756866 
353.220154 649.054749 0.817915 
478.562195 323.808899 0.644818 
498.107697 337.470062 0.495459 
492.225800 337.386841 0.343024 
449.162079 335.580536 0.116660 
470.682190 329.633270 0.143717 
504.025970 339.420837 0.462912 
480.489105 353.096436 0.206290 
480.464203 337.446930 0.225483 
496.161713 394.263397 0.127156 
496.187958 392.339752 0.107742 
0.000000 0.000000 0.000000 
0.000000 0.000000 0.000000 
496.180573 396.213898 0.143850 
0.000000 0.000000 0.000000 
0.000000 0.000000 0.000000 
478.552063 321.755585 0.211225 
480.529785 321.733429 0.743519 
0.000000 0.000000 0.000000 
494.198212 319.897308 0.687324 
0.000000 0.000000 0.000000 
0.000000 0.000000 0.000000 
0.000000 0.000000 0.000000 
0.000000 0.000000 0.000000 
0.000000 0.000000 0.000000 
0.000000 0.000000 0.000000 
 
413.869476 415.875275 0.409152 
402.100586 433.489990 0.802166 
400.197113 431.532562 0.877976 
441.303467 431.565094 0.742582 
429.576965 400.267059 0.800596 
406.020538 437.396332 0.699639 
445.197906 435.429016 0.638843 
431.563416 404.047211 0.630184 
398.193665 515.731873 0.793206 
392.311554 515.763611 0.727558 
394.241760 572.564087 0.822814 
368.818604 639.150391 0.813336 
402.092438 513.830566 0.765270 
406.064728 572.586731 0.809213 
380.574829 635.231873 0.810527 
409.990540 413.924988 0.393704 
408.017029 415.742493 0.088603 
404.132477 413.941071 0.621865 
398.182678 413.871796 0.113754 
398.097107 652.963806 0.642178 
398.123566 650.906189 0.658036 
368.826233 643.083008 0.346128 
388.410370 658.763428 0.757949 
380.596313 658.789246 0.732107 
360.994904 648.924133 0.739223 
478.578217 323.784637 0.480853 
496.160187 337.396484 0.360206 
486.397400 335.561676 0.240951 
453.090790 335.561768 0.086869 
0.000000 0.000000 0.000000 
505.929993 337.533234 0.315488 
478.600922 351.122681 0.154163 
480.480835 335.550842 0.143092 
494.242126 388.425964 0.061488 
494.195496 386.480927 0.053235 
0.000000 0.000000 0.000000 
0.000000 0.000000 0.000000 
494.217041 386.462311 0.060317 
0.000000 0.000000 0.000000 
0.000000 0.000000 0.000000 
478.592804 321.749939 0.178786 
480.547668 321.723572 0.557455 
0.000000 0.000000 0.000000 
494.193848 319.897217 0.503973 
0.000000 0.000000 0.000000 
0.000000 0.000000 0.000000 
0.000000 0.000000 0.000000 
0.000000 0.000000 0.000000 
0.000000 0.000000 0.000000 
0.000000 0.000000 0.000000 
 
413.875214 415.874329 0.408810 
402.095062 433.489410 0.802193 
400.194702 431.531494 0.878334 
441.300751 431.565002 0.743833 
429.571442 402.084229 0.800195 
406.014313 437.397980 0.698836 
445.196869 435.429443 0.643515 
431.557129 402.189911 0.633311 
398.190887 515.763611 0.792552 
392.304657 517.678467 0.726844 
394.232605 572.575012 0.820539 
368.816956 639.166809 0.812677 
402.089905 515.732422 0.765477 
406.058868 572.594421 0.809281 
380.570587 635.238037 0.808983 
409.997620 413.923615 0.392897 
408.026062 415.743134 0.085706 
404.131866 413.939819 0.624003 
398.169617 413.870575 0.112883 
398.102570 654.830750 0.637479 
398.121613 650.913818 0.652875 
368.817383 643.093201 0.344570 
388.412903 658.778992 0.760284 
382.428070 660.680542 0.735663 
360.988251 648.937012 0.743175 
478.584045 323.783752 0.481290 
496.191772 337.407990 0.382959 
490.277252 335.561371 0.248895 
449.185486 335.534271 0.109090 
0.000000 0.000000 0.000000 
505.905182 337.545593 0.342789 
478.621246 351.161835 0.168923 
478.596832 335.528564 0.158495 
494.239960 388.420410 0.071164 
494.210846 386.484833 0.061213 
0.000000 0.000000 0.000000 
0.000000 0.000000 0.000000 
494.206696 388.388550 0.072621 
0.000000 0.000000 0.000000 
0.000000 0.000000 0.000000 
478.587677 321.753357 0.177341 
480.549652 321.720764 0.558530 
0.000000 0.000000 0.000000 
494.184235 319.881348 0.519607 
0.000000 0.000000 0.000000 
0.000000 0.000000 0.000000 
0.000000 0.000000 0.000000 
0.000000 0.000000 0.000000 
0.000000 0.000000 0.000000 
0.000000 0.000000 0.000000 
 
415.822968 411.854309 0.249307 
402.147522 429.594757 0.801320 
402.118439 429.484314 0.845595 
443.223083 427.572815 0.754549 
429.555267 396.244263 0.826135 
406.056824 431.537384 0.730657 
441.311035 429.604431 0.547781 
431.442780 398.162659 0.448177 
398.157532 511.861237 0.807793 
390.385834 511.869476 0.749661 
386.483734 572.531555 0.862413 
368.838013 635.340149 0.867397 
400.239319 511.864471 0.800582 
402.151245 572.597046 0.837554 
382.436066 633.336914 0.831634 
413.916473 404.106140 0.249993 
0.000000 0.000000 0.000000 
408.027527 406.044067 0.589659 
398.168213 409.944153 0.143744 
396.277039 654.887817 0.594394 
398.136444 650.944275 0.622078 
370.770386 637.264160 0.359640 
390.349091 660.705566 0.761828 
382.456726 660.681702 0.742652 
364.827026 645.046082 0.746334 
 
415.772369 402.145416 0.362789 
400.271393 427.517578 0.791975 
400.224823 423.652740 0.812780 
443.294403 415.945312 0.753878 
429.585114 388.388092 0.739144 
404.110626 427.597961 0.747648 
443.219727 419.792450 0.556504 
429.620728 394.299286 0.581436 
398.158844 507.959015 0.835863 
390.354950 507.960449 0.783759 
384.518158 570.541931 0.880753 
368.923401 633.315918 0.839536 
402.088684 507.970428 0.804516 
400.208984 570.655090 0.869373 
382.511688 631.282410 0.811926 
413.801544 400.132324 0.362468 
417.762726 402.093750 0.076412 
404.090729 402.117981 0.583894 
394.265869 406.035797 0.123414 
392.347107 650.997192 0.576223 
398.112701 649.014221 0.613107 
372.729889 635.210815 0.413493 
386.461945 654.836914 0.750882 
376.655731 652.893738 0.724387 
366.776489 637.271667 0.730866 
 
415.770172 400.132355 0.371105 
402.131409 423.632507 0.773531 
402.119446 417.844910 0.849402 
441.285187 413.933319 0.823262 
429.619904 384.508728 0.849505 
404.116302 427.523132 0.734119 
441.298279 415.839935 0.524759 
431.502045 386.511963 0.506222 
398.126526 505.951080 0.791140 
390.385742 505.947968 0.752035 
384.445404 562.763184 0.832463 
372.741852 631.287109 0.774404 
400.187958 505.955811 0.790660 
400.091705 566.710693 0.823193 
382.570343 621.553528 0.817688 
413.825348 398.134552 0.381158 
0.000000 0.000000 0.000000 
406.015076 398.231171 0.678806 
394.290527 400.221863 0.073414 
396.231995 647.025696 0.542072 
398.208649 641.158691 0.552543 
372.731110 629.402588 0.403967 
392.287598 650.891907 0.746763 
382.437317 649.007568 0.723183 
368.793365 635.237366 0.737492 
 
413.906464 398.273529 0.256476 
402.165802 419.767578 0.750105 
400.207794 415.925262 0.866174 
437.354767 409.943237 0.720920 
431.439453 382.441101 0.770272 
407.972687 425.615540 0.710653 
437.359009 413.859100 0.359810 
431.592072 386.502380 0.341037 
398.120636 507.824707 0.811493 
388.447693 507.819214 0.767976 
384.415039 560.845093 0.845875 
374.661743 625.445435 0.771425 
400.218353 507.841034 0.803123 
398.257599 566.692261 0.845226 
382.595856 619.652649 0.829700 
411.937805 396.260468 0.267693 
415.826050 398.167786 0.052756 
404.078644 398.256805 0.589132 
396.226013 400.076324 0.077824 
396.257721 641.153442 0.560401 
398.223938 637.194580 0.607894 
374.676086 627.446228 0.399631 
392.344604 646.973938 0.721782 
382.528870 645.044312 0.722729 
368.843689 633.275696 0.751310 
 
413.890900 398.277435 0.250944 
402.170502 419.767151 0.748927 
400.209686 415.927246 0.864615 
437.363373 409.951263 0.719359 
431.473175 380.605255 0.753387 
407.976898 425.609650 0.710567 
437.378082 413.848328 0.356068 
431.587982 386.500702 0.342267 
398.118195 507.830994 0.812954 
388.441772 507.826447 0.770013 
384.413147 560.860779 0.843340 
374.668915 625.449951 0.771289 
400.215973 507.846771 0.805736 
398.255249 566.703796 0.845769 
382.590668 619.653748 0.829450 
411.915253 396.266754 0.261410 
413.885406 398.176300 0.052697 
404.075836 398.263367 0.579209 
398.167023 398.256958 0.081551 
396.256989 641.153809 0.557144 
398.222839 637.194214 0.604850 
372.778595 629.328430 0.400326 
392.351471 646.975098 0.724053 
382.534760 645.045532 0.726093 
368.848175 633.278137 0.749920 
 
413.953369 398.228302 0.327117 
402.189087 421.709869 0.756920 
400.138000 415.886230 0.885804 
441.261749 400.243683 0.752460 
433.494843 372.751709 0.643831 
411.866028 427.606995 0.744055 
402.153198 472.647675 0.126978 
411.899536 507.846893 0.175574 
398.097595 509.812134 0.826798 
388.391541 509.808777 0.791903 
384.414856 570.509399 0.882687 
372.783722 625.448914 0.801099 
400.210266 509.828094 0.817816 
398.165070 570.605408 0.873766 
382.594788 619.609558 0.855682 
411.946381 396.236755 0.360476 
413.898315 398.186584 0.068207 
400.249237 398.254761 0.731703 
396.228851 400.074921 0.057081 
398.153564 635.323181 0.622841 
398.260254 633.324890 0.648303 
376.641815 623.548828 0.406503 
392.360382 641.151367 0.759951 
382.557770 641.131104 0.779616 
368.845734 633.220398 0.798311 
 
409.973389 390.401215 0.649362 
402.112732 417.860992 0.786062 
400.112518 415.908783 0.863774 
439.371307 398.091492 0.702051 
431.552002 364.912354 0.753235 
407.990540 421.702423 0.726201 
443.253784 400.077576 0.601763 
435.412476 368.809967 0.522577 
396.224335 507.942871 0.802126 
388.378326 507.941711 0.795116 
384.401062 570.510925 0.877719 
374.693451 625.480591 0.790754 
400.114441 507.950867 0.805108 
398.119781 570.574768 0.851226 
380.607147 619.651917 0.822617 
402.150940 386.515991 0.702477 
406.067993 384.596069 0.363437 
398.157104 398.138489 0.744583 
411.901093 384.596710 0.059288 
398.216095 635.277466 0.586659 
398.218842 633.267273 0.576699 
368.873566 629.311279 0.426868 
396.274261 639.222778 0.776225 
384.522522 641.106445 0.770421 
368.833008 633.254639 0.803114 
 
413.776947 394.291595 0.586224 
402.106476 415.924042 0.785425 
400.126129 415.846893 0.872725 
441.330109 392.297058 0.732178 
433.493103 357.087769 0.710994 
406.053528 417.789917 0.737552 
437.406158 396.253387 0.577408 
435.442535 364.832275 0.433421 
396.232147 505.932190 0.793020 
388.407928 505.936157 0.772513 
384.427917 564.695435 0.842698 
372.769257 621.511230 0.835408 
400.108002 505.920410 0.803449 
398.146820 564.749390 0.819574 
382.580414 617.668213 0.862792 
407.966766 390.373566 0.609432 
411.855103 388.405701 0.235073 
400.172089 396.201141 0.796899 
0.000000 0.000000 0.000000 
400.156342 633.289062 0.688716 
400.157867 629.403442 0.646791 
374.663330 621.527344 0.413805 
396.269958 637.195312 0.800709 
384.482758 637.210693 0.793549 
368.768890 629.365234 0.823537 
 
413.845245 386.531128 0.513547 
402.109619 413.902679 0.780428 
400.205872 413.886169 0.864530 
441.265137 386.459198 0.729219 
439.341156 351.093658 0.650194 
404.051605 415.789185 0.753236 
435.424835 390.355164 0.541560 
443.236328 355.080872 0.394289 
396.255890 498.146393 0.748237 
392.341003 500.059814 0.730524 
384.525421 558.867859 0.843117 
374.681305 619.648193 0.829359 
398.264099 498.134613 0.761372 
398.119934 558.902222 0.808431 
382.542419 617.674438 0.830044 
409.954834 384.597504 0.559273 
413.815857 384.575989 0.101143 
400.194183 392.335175 0.790488 
386.493347 396.203857 0.081628 
400.173218 633.322754 0.610083 
400.152649 631.297852 0.575759 
370.820892 621.595581 0.377911 
398.198792 635.345947 0.796466 
384.584259 635.365601 0.782603 
368.772400 629.327515 0.808492 
 
413.846069 388.376984 0.511694 
402.100830 413.901611 0.782809 
400.186096 413.890411 0.868471 
441.263306 386.463043 0.725570 
439.341949 351.090088 0.649385 
404.057892 415.781006 0.754806 
435.433319 390.362579 0.548085 
443.236755 355.092560 0.396506 
396.261292 498.124237 0.752714 
392.329926 498.152679 0.733069 
384.524445 558.851624 0.845004 
374.678894 619.645325 0.830143 
398.280182 498.118805 0.766680 
398.121948 558.890381 0.811620 
382.544281 617.670593 0.831034 
409.956238 384.599701 0.557319 
413.822571 384.581299 0.100014 
400.190033 392.334106 0.790059 
386.489410 396.204071 0.082518 
400.176208 633.322876 0.612797 
400.157623 631.296692 0.578457 
370.819702 621.589478 0.378609 
398.199829 635.346497 0.797820 
384.582672 635.366455 0.782891 
368.765289 627.453857 0.809359 
 
413.879059 384.521545 0.554908 
400.246307 411.880554 0.802614 
400.241516 411.899536 0.842508 
437.377869 382.518036 0.715706 
443.283569 337.480743 0.691623 
400.253906 411.921204 0.749152 
433.513336 386.446106 0.569812 
445.166382 355.094513 0.354432 
396.191986 494.222748 0.761369 
394.268494 494.256866 0.758891 
384.591644 556.817993 0.852812 
374.690399 619.571716 0.837088 
398.151337 494.201843 0.772549 
398.099060 556.834839 0.820977 
382.522003 617.618042 0.818230 
409.989349 384.416931 0.575982 
413.941376 382.539642 0.090534 
400.224670 388.405334 0.804727 
386.494293 390.362305 0.091957 
400.162506 633.321228 0.560179 
400.146912 631.290894 0.526077 
370.776489 621.515991 0.380100 
398.263062 635.346558 0.800720 
386.435913 635.370911 0.780167 
368.755463 625.473022 0.803478 
 
413.866302 384.409821 0.571093 
400.219330 411.928406 0.801841 
400.158142 413.783295 0.857783 
435.438019 376.627319 0.622980 
447.142456 325.708740 0.633322 
402.113403 413.792297 0.725809 
431.604584 382.519562 0.524323 
447.118378 337.432373 0.401846 
396.210968 494.253540 0.760790 
394.304047 494.288605 0.754877 
386.455597 556.879822 0.846932 
376.651855 619.503662 0.832686 
398.147949 494.231689 0.762519 
396.227722 556.915588 0.802924 
382.483032 617.610229 0.809782 
409.935242 382.534668 0.592279 
415.765961 382.463470 0.091932 
400.191437 386.486511 0.822150 
0.000000 0.000000 0.000000 
400.159088 633.288635 0.552530 
400.137695 631.264526 0.519629 
368.886810 619.671936 0.400970 
398.257904 635.275635 0.803371 
386.447723 635.288513 0.782098 
368.817108 623.487610 0.778521 
 
413.814026 382.598022 0.638830 
400.117310 411.860382 0.806384 
398.277771 413.793335 0.858625 
431.528625 376.655090 0.670819 
453.075195 323.774078 0.603884 
400.163910 409.941406 0.701268 
429.605194 382.468384 0.457058 
447.270538 343.345551 0.346046 
396.176971 492.247925 0.749705 
396.193359 492.282928 0.780580 
388.450836 556.865967 0.829862 
376.616119 617.652466 0.828102 
396.251923 492.224854 0.728932 
394.284851 555.010681 0.791397 
382.432312 617.537415 0.774658 
409.915009 382.484955 0.678252 
413.941193 380.594391 0.076161 
400.136932 386.423248 0.867225 
0.000000 0.000000 0.000000 
400.146271 633.288513 0.543065 
400.129761 631.264404 0.503084 
368.829407 619.576843 0.407398 
398.276306 635.276428 0.802140 
386.480011 635.272522 0.764433 
368.773102 621.559937 0.805810 
 
409.963257 382.590515 0.517899 
400.112640 409.927704 0.802295 
398.214264 411.902679 0.838545 
427.556061 384.424133 0.723080 
445.279999 339.472534 0.702300 
400.231567 407.983887 0.706390 
429.525299 382.591217 0.371640 
456.944763 341.376740 0.356448 
396.184509 492.222839 0.754838 
396.165619 492.253204 0.778356 
388.402191 556.868042 0.837376 
376.635193 617.618530 0.818629 
398.104004 492.206177 0.740046 
394.261322 555.008667 0.794117 
382.451508 615.618469 0.781360 
404.059021 382.448151 0.605944 
413.814606 380.562012 0.093845 
398.170929 384.570404 0.822956 
0.000000 0.000000 0.000000 
400.175781 633.262573 0.576059 
400.158142 629.369629 0.531378 
368.860809 619.500122 0.435647 
400.094299 635.302368 0.789838 
386.495270 635.273682 0.737411 
368.792664 621.519592 0.812342 
478.474915 323.770508 0.429670 
498.151550 337.515289 0.169783 
0.000000 0.000000 0.000000 
0.000000 0.000000 0.000000 
0.000000 0.000000 0.000000 
496.211456 339.424774 0.176832 
0.000000 0.000000 0.000000 
0.000000 0.000000 0.000000 
0.000000 0.000000 0.000000 
0.000000 0.000000 0.000000 
0.000000 0.000000 0.000000 
0.000000 0.000000 0.000000 
0.000000 0.000000 0.000000 
0.000000 0.000000 0.000000 
0.000000 0.000000 0.000000 
478.462585 321.703583 0.145956 
480.537201 321.701263 0.555400 
0.000000 0.000000 0.000000 
494.253632 321.793457 0.453308 
0.000000 0.000000 0.000000 
0.000000 0.000000 0.000000 
0.000000 0.000000 0.000000 
0.000000 0.000000 0.000000 
0.000000 0.000000 0.000000 
0.000000 0.000000 0.000000 
 
409.971588 382.594635 0.507661 
400.105591 409.941132 0.800552 
398.220978 411.912109 0.838012 
427.549469 384.429993 0.720618 
445.283722 339.472107 0.705040 
400.208252 408.002838 0.704411 
429.496155 384.453064 0.371770 
456.951202 341.381836 0.351156 
396.176971 492.233826 0.754129 
396.171326 492.265717 0.779963 
388.407684 556.875427 0.837325 
376.645416 617.617126 0.818556 
396.274323 492.215607 0.736959 
394.254791 555.010254 0.790525 
382.447235 615.617737 0.778947 
404.071289 382.451416 0.594937 
413.839539 380.571899 0.090697 
398.181213 384.571716 0.821279 
0.000000 0.000000 0.000000 
400.177826 633.266846 0.571039 
400.161743 629.376526 0.527653 
368.853485 619.498657 0.436205 
400.107849 635.307556 0.790709 
386.506042 635.280457 0.736082 
368.796509 621.516602 0.810838 
478.474213 323.772034 0.428518 
498.156006 337.522186 0.169547 
0.000000 0.000000 0.000000 
0.000000 0.000000 0.000000 
0.000000 0.000000 0.000000 
496.217926 339.435364 0.175418 
0.000000 0.000000 0.000000 
0.000000 0.000000 0.000000 
0.000000 0.000000 0.000000 
0.000000 0.000000 0.000000 
0.000000 0.000000 0.000000 
0.000000 0.000000 0.000000 
0.000000 0.000000 0.000000 
0.000000 0.000000 0.000000 
0.000000 0.000000 0.000000 
478.461426 321.705322 0.145849 
480.536591 321.701263 0.554979 
0.000000 0.000000 0.000000 
494.257111 321.793549 0.453785 
0.000000 0.000000 0.000000 
0.000000 0.000000 0.000000 
0.000000 0.000000 0.000000 
0.000000 0.000000 0.000000 
0.000000 0.000000 0.000000 
0.000000 0.000000 0.000000 
 
408.021667 382.603943 0.449328 
400.106262 407.973846 0.813778 
398.198578 409.982635 0.812729 
423.672119 384.492249 0.684773 
443.292908 347.281555 0.674579 
400.217957 404.126953 0.712704 
427.617126 384.432098 0.364908 
447.169403 351.145294 0.389720 
396.190338 490.275635 0.732731 
396.184021 490.310730 0.763083 
390.361786 554.978027 0.809425 
380.537445 617.613708 0.829533 
396.257629 490.255676 0.707231 
394.243103 554.922791 0.770489 
380.580994 615.629700 0.758019 
402.192169 382.471375 0.536335 
411.897736 380.586823 0.088527 
398.228516 384.513672 0.823351 
388.410797 384.486511 0.074004 
400.146973 633.296448 0.502491 
400.143921 631.279053 0.471453 
368.793121 619.530029 0.480223 
400.186066 635.327271 0.793336 
388.455353 635.304749 0.736923 
370.741730 621.531677 0.785219 
478.521942 323.758331 0.412432 
496.235779 337.380859 0.210390 
0.000000 0.000000 0.000000 
0.000000 0.000000 0.000000 
0.000000 0.000000 0.000000 
496.148682 337.492798 0.215226 
478.500702 343.368317 0.142419 
0.000000 0.000000 0.000000 
0.000000 0.000000 0.000000 
0.000000 0.000000 0.000000 
0.000000 0.000000 0.000000 
0.000000 0.000000 0.000000 
0.000000 0.000000 0.000000 
0.000000 0.000000 0.000000 
0.000000 0.000000 0.000000 
478.505219 321.732117 0.157127 
480.528107 321.706329 0.511793 
0.000000 0.000000 0.000000 
494.192749 321.737000 0.439946 
0.000000 0.000000 0.000000 
0.000000 0.000000 0.000000 
0.000000 0.000000 0.000000 
0.000000 0.000000 0.000000 
0.000000 0.000000 0.000000 
0.000000 0.000000 0.000000 
 
406.069733 382.613983 0.439392 
400.114105 406.032349 0.819792 
398.258545 409.963531 0.820327 
427.565826 382.464722 0.706580 
445.174774 343.317627 0.702019 
400.201599 402.183777 0.738636 
429.485596 382.528717 0.505346 
447.261261 353.100922 0.489789 
396.193268 490.280273 0.727703 
396.239044 490.316772 0.766587 
392.301636 554.925537 0.810987 
378.578796 617.593079 0.817360 
396.192535 490.252686 0.695224 
394.253601 554.858643 0.766444 
382.480408 615.659729 0.764158 
402.114990 382.499146 0.532650 
406.075745 382.470337 0.099742 
398.237610 384.548340 0.806248 
390.377289 384.497650 0.125233 
400.187622 633.372986 0.550774 
400.168518 631.349426 0.521568 
368.908600 619.519775 0.415260 
400.089630 637.241882 0.751805 
388.408356 635.352112 0.701295 
368.823029 619.690125 0.826215 
 
404.113770 384.450867 0.505872 
400.109802 408.023346 0.819346 
398.171600 409.989746 0.818230 
425.632324 382.563721 0.745894 
445.153381 345.318695 0.741384 
402.090424 407.981201 0.727281 
427.620850 384.436646 0.471983 
447.228333 353.103851 0.472925 
396.193481 490.307770 0.725703 
396.183411 492.175385 0.765695 
390.402802 554.972351 0.812767 
380.524261 617.627808 0.823541 
396.260193 490.287262 0.709370 
394.268066 554.919128 0.784365 
382.445160 615.690979 0.772345 
400.245087 382.559082 0.617605 
407.976044 382.502319 0.121298 
398.123596 386.433136 0.810603 
392.314758 384.519684 0.084120 
400.135254 633.361572 0.500937 
400.137207 631.340454 0.480894 
368.867126 619.593933 0.457342 
400.114899 637.214966 0.772223 
388.421204 635.338196 0.730963 
368.897888 621.553162 0.782297 
 
402.182617 384.520782 0.534984 
400.093750 411.866608 0.845353 
396.249786 413.783081 0.834150 
421.728271 384.562469 0.736990 
445.129181 345.341003 0.715610 
402.156067 411.876678 0.741361 
427.569275 386.485443 0.503296 
445.145111 353.154663 0.483006 
396.199188 492.177734 0.741818 
394.269470 492.193665 0.765012 
392.301605 554.917664 0.809075 
380.603241 617.629883 0.833942 
398.129639 492.170563 0.743554 
394.295410 554.888428 0.782155 
380.589905 615.661804 0.755289 
400.197357 382.619019 0.642307 
404.058716 382.579224 0.197350 
396.242188 386.492157 0.770454 
398.129608 384.558838 0.105372 
400.093353 635.183899 0.421042 
400.111603 631.364441 0.417633 
368.822388 619.573669 0.477803 
400.195801 637.255127 0.772308 
390.373962 637.197510 0.733472 
370.790344 621.563354 0.768188 
 
402.177032 384.525085 0.528420 
400.094543 411.866425 0.844549 
396.246582 413.782867 0.832787 
421.735107 384.557526 0.738574 
445.132141 345.331390 0.716678 
402.160248 411.876465 0.741064 
427.572723 386.490417 0.500162 
445.145966 353.155212 0.483493 
396.200989 492.174500 0.742525 
394.265045 492.189301 0.764446 
392.304199 554.912170 0.807681 
380.604614 617.628479 0.833068 
398.134949 492.168182 0.745296 
394.298309 554.885620 0.782346 
380.587952 615.660278 0.755836 
400.194397 382.621002 0.634799 
402.177338 382.591034 0.198542 
396.241669 386.491913 0.767169 
398.137115 384.566681 0.113831 
400.091736 635.184937 0.421798 
400.110809 631.366516 0.418265 
368.820679 619.573364 0.480283 
400.195648 637.255127 0.771398 
390.373627 637.197510 0.732063 
370.791229 621.562561 0.767370 
 
402.154358 386.418427 0.728272 
398.282898 413.785614 0.843102 
Last frame read and added to queue. Closing program after it is processed.
398.150574 413.818573 0.846851 
423.695465 384.489410 0.721890 
445.161774 347.238373 0.706769 
400.165863 413.841644 0.767384 
427.607666 388.434326 0.532241 
447.173615 351.220398 0.485396 
396.183044 492.192719 0.725355 
396.162781 492.221466 0.752560 
392.312256 554.948547 0.795486 
380.604309 617.644836 0.805954 
396.261292 492.177002 0.707023 
396.162384 554.909607 0.763102 
380.606262 617.589783 0.746362 
400.127594 384.501343 0.824273 
402.179993 384.408936 0.304033 
392.348846 392.294769 0.792703 
0.000000 0.000000 0.000000 
400.158020 641.103821 0.441562 
400.152313 635.258423 0.445832 
368.814270 619.659363 0.478734 
400.159058 645.009033 0.705157 
392.308929 641.110840 0.648598 
370.754150 621.565857 0.745553 
478.584808 323.742004 0.409967 
498.166992 335.618286 0.191939 
0.000000 0.000000 0.000000 
0.000000 0.000000 0.000000 
0.000000 0.000000 0.000000 
503.983459 337.493988 0.175942 
0.000000 0.000000 0.000000 
0.000000 0.000000 0.000000 
0.000000 0.000000 0.000000 
0.000000 0.000000 0.000000 
0.000000 0.000000 0.000000 
0.000000 0.000000 0.000000 
0.000000 0.000000 0.000000 
0.000000 0.000000 0.000000 
0.000000 0.000000 0.000000 
478.578186 321.702271 0.151107 
482.437653 321.717712 0.508200 
0.000000 0.000000 0.000000 
494.256439 321.775818 0.435944 
0.000000 0.000000 0.000000 
0.000000 0.000000 0.000000 
0.000000 0.000000 0.000000 
0.000000 0.000000 0.000000 
0.000000 0.000000 0.000000 
0.000000 0.000000 0.000000 
 
402.141144 384.590363 0.825902 
398.218201 413.868073 0.833515 
398.138062 413.884399 0.859584 
421.735260 386.445831 0.750420 
445.153748 349.249878 0.785203 
398.182892 413.903351 0.723110 
427.618683 386.516266 0.285388 
455.032257 343.373718 0.286842 
396.168152 492.253052 0.733678 
394.301239 492.285675 0.752520 
394.240814 556.824341 0.795319 
378.566528 619.529968 0.799085 
396.235321 492.250305 0.723637 
396.185150 554.948853 0.780572 
382.544830 619.593994 0.766323 
398.270538 384.499023 0.896098 
402.144318 382.591400 0.358407 
388.439301 394.297607 0.819965 
0.000000 0.000000 0.000000 
400.266632 647.012695 0.558700 
400.236603 639.209351 0.515474 
370.796204 625.464661 0.364732 
398.278534 648.877258 0.654215 
388.443726 645.018677 0.579679 
368.772552 623.517822 0.735880 
478.572083 323.808594 0.376305 
496.221008 337.396118 0.167378 
0.000000 0.000000 0.000000 
0.000000 0.000000 0.000000 
0.000000 0.000000 0.000000 
503.984375 337.530884 0.142823 
480.457336 343.382904 0.095619 
0.000000 0.000000 0.000000 
0.000000 0.000000 0.000000 
0.000000 0.000000 0.000000 
0.000000 0.000000 0.000000 
0.000000 0.000000 0.000000 
0.000000 0.000000 0.000000 
0.000000 0.000000 0.000000 
0.000000 0.000000 0.000000 
478.554688 321.767975 0.158114 
482.427551 321.753418 0.470937 
0.000000 0.000000 0.000000 
494.280823 321.793365 0.374513 
0.000000 0.000000 0.000000 
0.000000 0.000000 0.000000 
0.000000 0.000000 0.000000 
0.000000 0.000000 0.000000 
0.000000 0.000000 0.000000 
0.000000 0.000000 0.000000 
 
402.175110 384.593170 0.859127 
398.203674 415.856354 0.838830 
398.131012 415.806732 0.883132 
417.879303 394.241943 0.771729 
443.269226 351.227936 0.829562 
398.157013 415.900238 0.718261 
429.497559 390.395111 0.223957 
454.993011 345.324066 0.200947 
394.267761 494.138458 0.737473 
392.354065 494.161713 0.755050 
394.287506 556.869507 0.805142 
380.491211 619.607788 0.798600 
396.206268 492.309296 0.731345 
396.213409 554.958069 0.774457 
382.541779 619.545715 0.772726 
398.277496 384.526672 0.922834 
402.143402 382.619293 0.287232 
390.340912 396.235718 0.830349 
0.000000 0.000000 0.000000 
400.266144 647.024170 0.503497 
400.237427 639.210083 0.468008 
368.916290 623.539734 0.391082 
400.161407 648.952637 0.678303 
390.385712 646.977600 0.595511 
368.837555 627.385437 0.733856 
 
OpenPose demo successfully finished. Total time: 69.853922 seconds.
