Starting OpenPose demo...
Configuring OpenPose...
Starting thread(s)...
Auto-detecting all available GPUs... Detected 1 GPU(s), using 1 of them starting at GPU 0.
525.565002 237.529099 0.051163 
472.677155 274.743591 0.879400 
519.623840 284.537720 0.777891 
507.895752 368.905243 0.802777 
511.848816 396.236847 0.250838 
429.463196 270.788666 0.817224 
415.832489 335.437164 0.092195 
0.000000 0.000000 0.000000 
431.506256 427.565613 0.691974 
460.961487 431.469208 0.683005 
476.484314 523.523987 0.861420 
443.211670 637.277710 0.775610 
400.253754 421.729340 0.655204 
415.913635 523.539001 0.874226 
386.489197 603.989990 0.732295 
527.476196 227.737854 0.211962 
0.000000 0.000000 0.000000 
515.745728 229.719925 0.867343 
478.472870 223.829178 0.678191 
390.388824 668.603638 0.533342 
384.527710 666.656067 0.445357 
380.574951 617.672058 0.680294 
486.382141 648.907532 0.799435 
478.454285 650.999756 0.842053 
429.479218 651.016174 0.825169 
 
535.320251 257.043671 0.715096 
476.638336 286.490967 0.892314 
521.581116 292.447205 0.772402 
507.943451 384.481506 0.790987 
515.778503 400.127258 0.360702 
435.395844 274.875641 0.811705 
419.748016 339.404999 0.082110 
0.000000 0.000000 0.000000 
431.464844 425.656158 0.709146 
458.919708 429.595337 0.672804 
480.566223 519.659424 0.774546 
443.229340 637.262451 0.786416 
402.185455 419.776306 0.651603 
421.702515 523.495300 0.826577 
384.490265 603.906494 0.788311 
535.318481 243.371353 0.785571 
0.000000 0.000000 0.000000 
517.739441 241.380997 0.861878 
0.000000 0.000000 0.000000 
384.503540 662.678467 0.629154 
380.572266 658.780212 0.494987 
372.716705 617.535034 0.649967 
486.360718 648.990662 0.807854 
476.630798 652.895203 0.830935 
429.466217 650.983887 0.827914 
 
535.322449 257.045319 0.720360 
476.637543 286.487457 0.891311 
521.576782 292.447052 0.771082 
507.946136 384.494141 0.788333 
517.697266 400.131226 0.355352 
435.400940 274.873230 0.813315 
419.768829 337.534729 0.080333 
0.000000 0.000000 0.000000 
431.461761 425.654938 0.709532 
458.919434 429.594604 0.673791 
480.566589 519.658264 0.774826 
443.229950 637.261780 0.786571 
402.176422 419.777802 0.653541 
421.705811 523.493835 0.826017 
384.489899 603.906189 0.788297 
535.318848 243.372726 0.787659 
0.000000 0.000000 0.000000 
517.739929 241.379852 0.861444 
0.000000 0.000000 0.000000 
384.503296 662.678467 0.628036 
380.572510 658.780396 0.493975 
372.716797 617.534851 0.650048 
486.361725 648.991150 0.807908 
476.630280 652.895874 0.830798 
429.467407 650.983276 0.828500 
 
539.289490 264.999908 0.858615 
480.449524 292.428589 0.863192 
523.525574 304.183685 0.844984 
507.895630 386.481445 0.766686 
517.684143 400.166199 0.348483 
439.338440 288.448822 0.799048 
423.702911 343.360260 0.052216 
0.000000 0.000000 0.000000 
429.509155 429.511292 0.705967 
455.035095 431.575287 0.644217 
486.346680 521.596802 0.777849 
443.284241 637.187256 0.789022 
400.153259 425.629028 0.681618 
431.461426 509.923157 0.867867 
384.465393 607.851807 0.753607 
539.191650 257.034729 0.894552 
0.000000 0.000000 0.000000 
519.682007 249.322372 0.838938 
0.000000 0.000000 0.000000 
392.303192 654.846436 0.646640 
384.469360 652.855103 0.551875 
372.707520 619.649597 0.668279 
488.300507 649.037903 0.794111 
478.456818 652.910278 0.820968 
429.486572 650.918274 0.848577 
 
543.143005 274.778931 0.901953 
482.500549 304.074829 0.858074 
523.610535 312.034576 0.809716 
505.917297 386.418579 0.785919 
513.772095 411.933624 0.670773 
447.142517 290.487762 0.833421 
425.606628 351.196045 0.077671 
0.000000 0.000000 0.000000 
421.699860 429.494537 0.684072 
447.138824 433.455902 0.673621 
492.178650 511.830383 0.819921 
445.130676 635.290039 0.802053 
396.271271 421.694397 0.673933 
445.146271 507.850189 0.856080 
392.319458 617.606567 0.774000 
541.216187 263.049194 0.884956 
0.000000 0.000000 0.000000 
523.492004 261.033661 0.893612 
0.000000 0.000000 0.000000 
413.808807 648.884644 0.500003 
404.127411 643.071716 0.370502 
380.594086 631.267944 0.731027 
486.383911 649.039673 0.788094 
476.615082 652.915466 0.815570 
429.527863 649.009521 0.868715 
 
549.056458 284.538391 0.828976 
490.234283 306.121552 0.884103 
523.549133 319.804901 0.858276 
496.208801 394.258484 0.779110 
523.576416 413.894104 0.640170 
453.039001 298.246552 0.756226 
0.000000 0.000000 0.000000 
0.000000 0.000000 0.000000 
419.776459 429.495697 0.696026 
445.241211 431.586884 0.688635 
494.231140 513.821655 0.835845 
443.281006 635.327515 0.811002 
396.227722 421.713165 0.666323 
451.126160 505.955048 0.796810 
402.129120 615.681946 0.773308 
543.199585 272.797363 0.924507 
0.000000 0.000000 0.000000 
523.577515 270.873566 0.926265 
0.000000 0.000000 0.000000 
431.457001 617.569763 0.326055 
429.468994 611.733459 0.301263 
392.329071 629.342957 0.688103 
486.387146 650.872437 0.806822 
476.574341 652.950012 0.828733 
429.514221 648.958679 0.905124 
 
550.993408 290.369720 0.909410 
490.305420 313.935333 0.833491 
523.590088 323.735138 0.829046 
494.279663 398.219696 0.873601 
523.552917 417.769073 0.661816 
456.990631 304.191711 0.805927 
447.230225 376.672028 0.224149 
482.443054 417.807190 0.198583 
415.863770 431.487030 0.709302 
441.278442 437.360168 0.635986 
496.190430 513.839294 0.800747 
445.149902 635.236389 0.819647 
392.318146 427.547241 0.641925 
456.974823 507.942078 0.811117 
413.917236 617.628967 0.825818 
547.071655 276.781189 0.851139 
0.000000 0.000000 0.000000 
525.541138 274.799500 0.941297 
0.000000 0.000000 0.000000 
443.270721 617.595947 0.085398 
0.000000 0.000000 0.000000 
402.122498 631.371094 0.834724 
486.374207 650.850830 0.822166 
476.532196 652.917969 0.847453 
429.567230 646.981995 0.854110 
 
550.993774 290.368744 0.909461 
490.300629 313.931885 0.832874 
523.588440 323.731262 0.829795 
494.280640 398.220306 0.873343 
523.548035 417.772552 0.658563 
456.977234 304.188904 0.804551 
447.220673 376.670654 0.219327 
482.436920 417.801880 0.191636 
415.866455 431.485443 0.709714 
441.283386 437.358185 0.636545 
496.189575 515.716187 0.800125 
445.149414 635.237183 0.819544 
392.319519 427.547241 0.642573 
456.970001 507.948425 0.811463 
413.915802 617.631409 0.826253 
547.072510 276.781128 0.851453 
0.000000 0.000000 0.000000 
525.541138 274.800079 0.941751 
0.000000 0.000000 0.000000 
443.269745 617.595947 0.085089 
0.000000 0.000000 0.000000 
402.121368 631.372681 0.835615 
486.376282 650.850830 0.822424 
476.533722 652.918518 0.847588 
429.566681 646.982666 0.854352 
 
551.039612 292.423950 0.878674 
492.179504 319.753693 0.886373 
523.555176 329.611969 0.807450 
492.324768 402.187958 0.867049 
523.546326 429.539948 0.723591 
460.833496 306.173523 0.805740 
453.057678 382.517822 0.173536 
496.211151 429.500122 0.186400 
413.858978 433.476257 0.697083 
433.472778 441.285767 0.656016 
502.037781 515.753540 0.781866 
445.171631 633.231689 0.783009 
388.453308 429.548340 0.653572 
462.774231 511.876007 0.830422 
425.596802 619.650269 0.757700 
547.116211 284.591888 0.844551 
0.000000 0.000000 0.000000 
525.579651 278.682770 0.892693 
0.000000 0.000000 0.000000 
462.815918 633.180847 0.114553 
466.795319 635.162659 0.054710 
413.752441 633.363220 0.830357 
488.341370 650.866211 0.831437 
476.538391 652.912781 0.841216 
429.495972 643.053101 0.716620 
 
554.858337 294.408844 0.881415 
492.199585 321.721191 0.903737 
523.501404 333.570343 0.836321 
492.221222 406.052979 0.839476 
523.559631 431.590820 0.742405 
462.794067 311.976349 0.770902 
455.016144 392.335815 0.121016 
517.702148 443.227875 0.277559 
411.862000 441.325226 0.681679 
429.520660 447.129395 0.704993 
505.941650 519.665588 0.821576 
443.249176 633.249268 0.777299 
388.398346 431.571075 0.646693 
464.785919 517.718750 0.762268 
423.660858 619.674072 0.739776 
550.967163 286.565033 0.874560 
0.000000 0.000000 0.000000 
525.547485 284.603760 0.899658 
0.000000 0.000000 0.000000 
462.872009 633.158569 0.131275 
468.740143 635.177063 0.066500 
411.868988 633.356201 0.794444 
488.321442 650.862366 0.832788 
476.527588 652.916687 0.843612 
427.563873 641.169861 0.718154 
 
554.841431 296.304077 0.878109 
492.294037 323.815948 0.872497 
519.630737 335.508453 0.822366 
492.185455 413.840485 0.896587 
527.512451 431.521790 0.769105 
468.728668 319.779694 0.741373 
470.707214 423.644043 0.281469 
523.515381 447.248840 0.601658 
409.930511 443.226410 0.682098 
427.536896 447.129700 0.687946 
507.873505 521.576233 0.835661 
435.481964 633.348755 0.770962 
388.425781 433.495422 0.627386 
472.645325 521.636780 0.775055 
427.618988 619.575073 0.767392 
547.113159 288.387024 0.883331 
0.000000 0.000000 0.000000 
523.639038 286.545898 0.920316 
0.000000 0.000000 0.000000 
468.746429 633.278381 0.217142 
474.584198 633.265259 0.195905 
411.929016 633.211121 0.689844 
488.276550 650.875061 0.846225 
474.636719 654.820251 0.828068 
419.784210 643.059387 0.789477 
 
554.838806 292.458099 0.883722 
492.267242 327.646057 0.852813 
513.769104 335.554016 0.828838 
492.203735 413.860901 0.897404 
537.325867 431.534454 0.729968 
470.695312 319.853668 0.755784 
468.723602 409.953705 0.246290 
525.602173 435.427338 0.482951 
408.014099 443.221191 0.683508 
427.527191 445.259521 0.689376 
507.890259 523.537476 0.855165 
435.415405 633.263611 0.770220 
386.509735 435.426178 0.622609 
472.669495 525.485107 0.807885 
427.551666 619.593689 0.754953 
545.195129 284.582489 0.841103 
0.000000 0.000000 0.000000 
523.549866 286.524567 0.916448 
0.000000 0.000000 0.000000 
466.842224 633.288330 0.235254 
472.650482 633.272095 0.209093 
411.905121 633.226685 0.720909 
486.340942 649.023987 0.847017 
474.566010 652.905823 0.820522 
419.724091 639.210571 0.817558 
 
554.838379 292.457794 0.883824 
492.268005 327.646210 0.852651 
513.770142 335.552521 0.828938 
492.204803 413.859283 0.897262 
537.333008 431.535645 0.728811 
470.697571 319.855225 0.755608 
470.671906 411.907227 0.249911 
525.612854 435.433838 0.483256 
408.008789 443.226654 0.684456 
425.652679 445.266693 0.689640 
507.886230 523.535828 0.854510 
435.414917 633.264893 0.769832 
386.506683 435.428467 0.621912 
474.536987 525.476685 0.808596 
427.557587 619.593689 0.754507 
547.064331 284.576324 0.841030 
0.000000 0.000000 0.000000 
523.550293 286.524170 0.916601 
0.000000 0.000000 0.000000 
466.848694 633.287048 0.237924 
472.654633 633.267761 0.212488 
411.906433 633.226929 0.717240 
486.342133 649.024170 0.846584 
474.567963 652.906006 0.820265 
417.859436 639.210938 0.817062 
 
551.038879 290.409485 0.918133 
492.171814 323.776672 0.879931 
509.886139 335.504456 0.869223 
490.312897 413.841919 0.905267 
537.250671 429.619324 0.819944 
468.748260 319.733429 0.749905 
462.837860 390.373322 0.226986 
525.523743 423.653229 0.481874 
407.979706 443.258911 0.688029 
423.690369 445.265533 0.692932 
505.985718 521.646851 0.823479 
435.418823 633.243835 0.763833 
388.409302 437.392609 0.611734 
476.495697 523.661194 0.807121 
427.540497 619.602966 0.762539 
543.205627 278.687988 0.877857 
0.000000 0.000000 0.000000 
521.602600 284.536530 0.854306 
0.000000 0.000000 0.000000 
466.786926 633.299683 0.216930 
470.717560 633.289795 0.185568 
411.895264 633.249207 0.730584 
486.360565 649.025391 0.839581 
474.572723 652.924438 0.818355 
419.744965 639.201599 0.816283 
 
547.131653 286.504395 0.843135 
492.147736 321.747711 0.895905 
507.982391 331.550049 0.826304 
492.255188 413.786255 0.924487 
539.317993 421.733002 0.824411 
472.610657 313.969513 0.722618 
478.550873 392.319550 0.319652 
529.450867 415.761261 0.606310 
406.070251 439.312836 0.668924 
421.686462 443.284088 0.672781 
505.928741 521.665833 0.833160 
433.532990 633.277283 0.766399 
390.361725 433.452850 0.619040 
474.608582 523.578674 0.823260 
427.560516 619.617554 0.759245 
541.166626 274.753418 0.951102 
0.000000 0.000000 0.000000 
513.840942 276.766693 0.861342 
0.000000 0.000000 0.000000 
468.766205 635.202576 0.236405 
472.652832 633.332214 0.215916 
411.891235 633.261353 0.703519 
486.335449 649.028076 0.836350 
472.681183 652.936218 0.797922 
417.841492 639.216980 0.812433 
 
541.298828 274.733795 0.907439 
488.336273 317.842346 0.839428 
507.855164 321.886444 0.862188 
494.129395 406.017670 0.864496 
545.117126 407.983887 0.765055 
466.821381 306.178833 0.775202 
468.735016 384.517822 0.199186 
527.550842 406.027313 0.348604 
409.932220 435.438416 0.668272 
423.683350 443.207581 0.658239 
504.018555 521.662903 0.829269 
435.403351 633.224060 0.755265 
392.343384 431.505615 0.611459 
474.588654 523.542969 0.822427 
425.637238 619.653137 0.754131 
537.339111 263.049835 0.840534 
0.000000 0.000000 0.000000 
509.963440 272.785553 0.927194 
0.000000 0.000000 0.000000 
464.921692 633.329529 0.204583 
470.686798 633.337769 0.172719 
411.870056 633.282166 0.737406 
484.431702 648.999573 0.829769 
472.673370 652.890259 0.809530 
419.738159 639.177002 0.791601 
 
539.219971 266.902100 0.837818 
486.349823 306.219391 0.851095 
505.988098 317.845001 0.827912 
496.161774 398.291626 0.868646 
551.036499 396.169952 0.704707 
464.793243 302.236328 0.804582 
494.228119 386.465027 0.279340 
541.199402 394.261139 0.491117 
413.837006 431.582306 0.695170 
429.509552 439.322418 0.672653 
504.019836 521.665344 0.829251 
433.548737 633.238403 0.754049 
396.243011 429.542023 0.616756 
474.632812 523.516602 0.812141 
427.538971 619.625366 0.761913 
529.443054 257.132599 0.851565 
0.000000 0.000000 0.000000 
507.868713 261.053558 0.897987 
0.000000 0.000000 0.000000 
464.879852 633.320740 0.193576 
468.764771 633.313538 0.165458 
411.885986 633.288818 0.707966 
484.419220 648.969604 0.836117 
472.671814 652.857605 0.817716 
419.723053 639.197571 0.795075 
 
539.219971 266.910187 0.838261 
486.345459 306.219116 0.851474 
505.987671 317.846710 0.828433 
496.161530 398.291687 0.868690 
551.040894 394.315674 0.703954 
464.787384 302.233643 0.806269 
494.228546 386.470612 0.275255 
541.200012 394.260254 0.487861 
413.837769 431.578644 0.696349 
429.513947 439.314301 0.671931 
504.026337 521.667480 0.828860 
433.549927 633.236450 0.754204 
396.242523 429.542114 0.617466 
474.628510 523.518250 0.811480 
427.533813 619.629578 0.760264 
529.445374 257.138824 0.852895 
0.000000 0.000000 0.000000 
507.869202 261.054565 0.898119 
0.000000 0.000000 0.000000 
464.872650 633.324219 0.192418 
468.756317 633.320801 0.163300 
411.881165 633.290344 0.709376 
484.418365 648.969055 0.834917 
472.671600 652.856079 0.816782 
419.723480 639.194641 0.793288 
 
529.503174 257.166199 0.875371 
478.603607 304.120270 0.913757 
504.013367 306.189331 0.841076 
507.910980 390.338593 0.837936 
556.819031 370.770294 0.794517 
460.877319 294.376129 0.804262 
492.234100 376.663483 0.216525 
552.938660 380.533325 0.393722 
415.783844 431.555939 0.713472 
431.473480 437.375549 0.695041 
503.997528 523.514771 0.838383 
435.411591 633.246460 0.746212 
398.163849 429.507629 0.630704 
474.550751 523.560486 0.810011 
425.648560 621.568298 0.729387 
523.619324 245.440826 0.881972 
0.000000 0.000000 0.000000 
500.048523 257.049286 0.869832 
0.000000 0.000000 0.000000 
466.833496 635.240662 0.206118 
470.716736 635.198853 0.183215 
411.855530 633.378784 0.692119 
484.412048 648.972107 0.840237 
472.669922 652.878113 0.806124 
417.842377 641.132507 0.755981 
 
525.499207 243.516708 0.903798 
476.596680 294.344696 0.880774 
496.149139 298.309784 0.814342 
521.560974 376.642578 0.795263 
564.730896 339.400452 0.752327 
456.946228 290.487122 0.786072 
466.765228 366.905151 0.230058 
507.909271 368.832336 0.144711 
417.861969 431.498108 0.706409 
433.491516 433.457428 0.698880 
505.901825 523.510010 0.847063 
435.415649 633.244385 0.749507 
402.128174 429.541748 0.634325 
474.563293 523.604187 0.827309 
425.656982 621.569946 0.728017 
515.759399 239.462570 0.826584 
0.000000 0.000000 0.000000 
492.328400 243.530823 0.950598 
0.000000 0.000000 0.000000 
468.782654 635.289490 0.220787 
472.636749 635.213257 0.198968 
411.858704 633.371460 0.684330 
484.405212 648.980347 0.835135 
472.640198 652.892456 0.787454 
417.845764 641.129578 0.759423 
 
519.644653 241.435913 0.871311 
472.661713 288.522919 0.877995 
494.128387 290.426331 0.869816 
527.558472 364.930511 0.816855 
560.825195 312.025177 0.646212 
449.201569 286.551025 0.791225 
500.073792 355.134155 0.293749 
566.699097 321.747437 0.464973 
425.640015 429.565887 0.704783 
441.304138 431.500732 0.700674 
505.939789 523.475952 0.843107 
433.550537 633.274536 0.752998 
408.005737 427.617584 0.625483 
474.540222 525.464600 0.832017 
427.527374 621.573608 0.730003 
509.863739 229.718613 0.881900 
0.000000 0.000000 0.000000 
488.305847 239.526978 0.867609 
0.000000 0.000000 0.000000 
470.732391 635.309753 0.247483 
472.679962 635.198120 0.231455 
411.864319 635.183350 0.681763 
484.399536 648.999207 0.828106 
472.618591 652.918823 0.773288 
417.829407 641.142395 0.761340 
 
509.859009 227.789566 0.911261 
464.844177 286.523712 0.874950 
492.251007 286.532990 0.849488 
541.148010 345.331604 0.821709 
560.821838 288.500458 0.674391 
445.260651 284.525818 0.784927 
496.139832 333.564819 0.404949 
509.831329 335.502472 0.213564 
429.466980 429.505554 0.704175 
445.224976 429.613922 0.705997 
507.853729 523.504944 0.857865 
435.421661 633.265198 0.752895 
409.952911 427.540588 0.620907 
472.608826 525.588318 0.816297 
425.598511 623.482910 0.724339 
502.058960 221.893524 0.812402 
0.000000 0.000000 0.000000 
478.469391 227.861252 0.928119 
0.000000 0.000000 0.000000 
468.777771 635.297363 0.222648 
472.635345 635.248901 0.199594 
411.845032 635.204651 0.705127 
484.421082 649.005981 0.831093 
472.648254 652.925842 0.786395 
417.853699 641.150024 0.756593 
 
509.858276 227.787460 0.911543 
464.842133 286.525024 0.875542 
492.251068 286.532990 0.849435 
541.148193 345.333282 0.821655 
560.819580 288.500916 0.674018 
445.257965 284.528717 0.785853 
496.141357 333.565948 0.405667 
509.830902 335.502228 0.212583 
429.470551 429.506897 0.704630 
445.230988 429.612823 0.705031 
507.851379 523.507935 0.858859 
435.421814 633.265930 0.753325 
409.954376 427.547760 0.621706 
472.614319 525.591736 0.816165 
425.601868 623.484314 0.723728 
502.058533 221.892288 0.812046 
0.000000 0.000000 0.000000 
478.468842 227.860977 0.928679 
0.000000 0.000000 0.000000 
468.784607 635.298584 0.223952 
472.639313 635.249268 0.200697 
411.845947 635.205933 0.702628 
484.421021 649.004028 0.832392 
472.647186 652.926453 0.787635 
417.852570 641.151367 0.759168 
 
503.970306 223.836594 0.840135 
462.863678 274.808960 0.931433 
490.260010 274.847656 0.848630 
554.858704 323.719635 0.831644 
554.928833 261.091553 0.660735 
443.228973 274.725555 0.827362 
500.091797 317.907562 0.382327 
541.265930 272.757233 0.683740 
431.475342 429.479156 0.719176 
447.234985 429.569977 0.708940 
507.872498 523.559814 0.868464 
433.543854 633.295776 0.757958 
413.834747 427.550018 0.639982 
476.478668 525.634583 0.832039 
427.516937 621.571045 0.733791 
494.167816 214.022491 0.891994 
0.000000 0.000000 0.000000 
474.537384 225.775375 0.901654 
0.000000 0.000000 0.000000 
470.725525 635.276489 0.265668 
472.668427 633.366699 0.246359 
411.863190 633.352417 0.688873 
484.410370 649.005066 0.825651 
472.641602 652.927368 0.780005 
417.823578 641.150391 0.771141 
 
494.136139 214.045517 0.926330 
460.842529 272.790985 0.922134 
482.454010 270.870819 0.833128 
556.948547 300.248108 0.825221 
547.131165 235.609619 0.729276 
435.429352 272.789612 0.774440 
503.992126 296.345947 0.322701 
527.495605 243.477890 0.736037 
431.577698 417.822845 0.702067 
449.112915 421.727814 0.669661 
507.893402 523.502319 0.861303 
433.552643 633.287842 0.746529 
415.814941 415.869476 0.656278 
476.523926 525.547974 0.860636 
427.562927 619.676331 0.751629 
484.389435 210.169724 0.896339 
0.000000 0.000000 0.000000 
462.949310 221.904495 0.857090 
0.000000 0.000000 0.000000 
470.701324 635.253296 0.261837 
472.656372 633.351379 0.236583 
411.892242 633.300232 0.691221 
484.428619 648.982361 0.832501 
472.651825 652.910828 0.789392 
417.832123 641.133362 0.777181 
 
484.434540 212.116760 0.847222 
456.986145 266.942596 0.825977 
480.525879 259.136871 0.819792 
562.789307 274.887848 0.822682 
539.335876 216.022827 0.749549 
431.472351 272.727325 0.807182 
504.018341 272.854034 0.330038 
519.652527 225.806580 0.730151 
439.344299 413.918304 0.688043 
458.869141 415.855835 0.679291 
507.865906 521.642517 0.852576 
435.437347 633.278198 0.745747 
417.866302 413.843628 0.661574 
476.519409 525.543945 0.866266 
425.621796 621.569763 0.750511 
478.513245 208.113617 0.891200 
0.000000 0.000000 0.000000 
458.919891 212.159485 0.891725 
0.000000 0.000000 0.000000 
466.775635 635.212585 0.214587 
468.776794 635.186523 0.181336 
411.864777 633.369934 0.722599 
484.395264 648.994507 0.839496 
472.627258 652.906067 0.799486 
419.741638 643.068848 0.758690 
 
480.561554 200.363495 0.789080 
453.091553 259.059204 0.867212 
478.563660 255.149612 0.804767 
560.844055 257.108917 0.842976 
525.531982 194.382797 0.815596 
431.450775 261.120483 0.794816 
507.860962 255.195969 0.359034 
509.830719 208.148346 0.682164 
445.139160 409.925842 0.675049 
460.860870 409.983582 0.663985 
505.979126 519.690613 0.825482 
435.468292 633.269470 0.742413 
427.531464 407.990448 0.610192 
474.565979 523.530823 0.831983 
425.658691 619.663879 0.758397 
474.647034 194.479218 0.861808 
0.000000 0.000000 0.000000 
456.933350 208.107407 0.851921 
0.000000 0.000000 0.000000 
464.895660 633.330566 0.201507 
468.749023 633.339172 0.163738 
411.904572 633.311218 0.735864 
484.411285 648.993347 0.831600 
472.649597 652.894714 0.794798 
419.781860 641.173096 0.758815 
 
480.560883 200.363052 0.788529 
453.093384 259.059143 0.866743 
478.563599 255.149734 0.804993 
560.843811 257.113342 0.844731 
525.533875 194.383209 0.815605 
431.451996 261.121094 0.794089 
507.863647 255.193130 0.362133 
509.831970 208.146347 0.684939 
445.140717 409.923645 0.674340 
460.864014 409.980133 0.662878 
505.978363 519.691589 0.825261 
435.465698 633.268982 0.742979 
427.532593 407.989868 0.611009 
474.563416 523.534485 0.833031 
425.655426 619.661499 0.759052 
474.646820 194.480484 0.861974 
0.000000 0.000000 0.000000 
456.932343 208.109268 0.852480 
0.000000 0.000000 0.000000 
464.892853 633.331116 0.201019 
468.741791 633.342224 0.162808 
411.904236 633.308594 0.737086 
484.404541 648.989197 0.833288 
472.647461 652.887634 0.796336 
419.779358 641.172302 0.760383 
 
478.468475 196.485886 0.807105 
451.070679 251.234467 0.824771 
476.600708 243.406021 0.836648 
558.821350 237.539001 0.841527 
517.696045 178.747421 0.751118 
429.620026 257.051147 0.827676 
505.944885 235.584778 0.360455 
505.953949 182.719940 0.604648 
445.285461 400.231293 0.699067 
462.795654 402.142273 0.676148 
498.108032 517.698486 0.786381 
433.524475 633.350281 0.768009 
429.513824 400.212982 0.638802 
472.598145 521.554077 0.790311 
425.655365 619.567932 0.765446 
470.669678 192.476044 0.781329 
0.000000 0.000000 0.000000 
451.132141 198.373093 0.863809 
0.000000 0.000000 0.000000 
464.890564 631.371826 0.231680 
466.854309 631.310364 0.193987 
411.932922 633.204773 0.731278 
484.403839 648.997803 0.820641 
472.635193 652.921631 0.787614 
419.726837 643.095886 0.810574 
 
476.643646 188.561035 0.840708 
449.133881 241.497299 0.883082 
476.477173 233.655991 0.771570 
556.844788 216.038223 0.843339 
509.858643 163.110428 0.791895 
429.561981 243.513107 0.798582 
507.814850 223.793106 0.353753 
496.131226 170.953094 0.550168 
447.212006 400.113373 0.703848 
464.781067 400.165161 0.672859 
494.215454 509.842926 0.849928 
433.487122 633.307068 0.782430 
429.591614 398.244080 0.656086 
466.802338 509.877899 0.822682 
425.610443 617.688538 0.787989 
466.804077 180.731186 0.837866 
0.000000 0.000000 0.000000 
447.270569 192.525604 0.899081 
0.000000 0.000000 0.000000 
466.784943 631.286804 0.225904 
468.771942 629.357727 0.188884 
411.907562 631.281677 0.741902 
486.332489 648.971313 0.826817 
472.684906 652.880249 0.798468 
419.751923 639.228699 0.822091 
 
476.513733 178.834442 0.882604 
447.234222 231.646667 0.872057 
472.632111 225.804565 0.786753 
554.966736 200.324905 0.879646 
505.945770 147.433121 0.743885 
429.472046 239.461548 0.776835 
502.002228 210.100037 0.431326 
494.151520 153.288895 0.615551 
449.196045 392.345398 0.659733 
466.751831 394.310364 0.643101 
490.277710 505.947449 0.800073 
435.417480 629.346008 0.735595 
431.587616 390.395111 0.616018 
462.855255 505.974518 0.830301 
427.532532 617.535828 0.770856 
464.840973 174.832748 0.827546 
0.000000 0.000000 0.000000 
447.100433 182.671143 0.915273 
0.000000 0.000000 0.000000 
466.790894 629.357117 0.177227 
472.660828 629.365173 0.147138 
411.954742 625.448853 0.708098 
488.291595 648.965271 0.813855 
474.584656 651.003235 0.791449 
423.625580 635.297852 0.820447 
 
474.539795 174.842667 0.812345 
447.258728 227.707474 0.894517 
474.585541 217.955841 0.761503 
554.835327 182.778076 0.861489 
507.821320 129.752075 0.751939 
427.612488 233.638046 0.726585 
494.138947 196.390732 0.601801 
492.288055 137.643799 0.749433 
449.106750 384.455688 0.708665 
464.802124 384.542999 0.683088 
486.368469 498.109680 0.760565 
433.546295 627.420898 0.740155 
431.536957 382.564728 0.667092 
460.966034 496.197205 0.837201 
427.617462 613.675110 0.741231 
462.863800 166.989227 0.890241 
0.000000 0.000000 0.000000 
445.180145 178.804794 0.944715 
0.000000 0.000000 0.000000 
464.916504 629.335388 0.146641 
0.000000 0.000000 0.000000 
413.768616 621.536804 0.653071 
486.393738 649.019775 0.808632 
474.573120 652.889221 0.774892 
421.681580 635.240540 0.825739 
 
474.539612 174.842484 0.812429 
447.260162 227.704773 0.894586 
474.587463 217.954163 0.761628 
554.834900 182.776825 0.862164 
507.820648 129.750885 0.752755 
427.611176 233.633865 0.726744 
494.135834 196.391464 0.602589 
492.287201 137.644394 0.750685 
449.104340 384.462036 0.709096 
464.802856 384.550385 0.681800 
486.364258 498.118805 0.760408 
435.393677 627.408752 0.739340 
431.533966 382.570648 0.668435 
460.961029 496.205414 0.836995 
427.616394 613.674194 0.743003 
462.863739 166.989731 0.890265 
0.000000 0.000000 0.000000 
445.179352 178.804916 0.944661 
0.000000 0.000000 0.000000 
464.920685 629.350586 0.145405 
0.000000 0.000000 0.000000 
413.769409 621.531616 0.655477 
486.388458 649.019348 0.808516 
474.566681 652.888000 0.773203 
421.691620 635.240112 0.823793 
 
472.629089 167.103241 0.844797 
447.156281 223.837601 0.891289 
470.705688 214.010727 0.777369 
545.123047 170.941940 0.813376 
509.809631 102.405281 0.837128 
425.634125 227.776474 0.755903 
476.571289 247.366104 0.065752 
0.000000 0.000000 0.000000 
449.194214 382.520752 0.688205 
466.776093 384.458313 0.668209 
480.512573 496.176025 0.786584 
433.531708 629.344604 0.737016 
431.574860 382.482269 0.652581 
458.959717 496.125946 0.825487 
429.557617 609.793335 0.761012 
462.797211 164.996902 0.942555 
0.000000 0.000000 0.000000 
443.281769 178.670181 0.900860 
0.000000 0.000000 0.000000 
470.692108 623.495300 0.187991 
474.639008 625.438965 0.188412 
413.835693 619.639832 0.650193 
488.295654 649.028076 0.808079 
474.611115 652.922974 0.781281 
421.692383 635.272949 0.814182 
 
470.654266 167.069946 0.859773 
447.093475 223.809830 0.895648 
468.726868 212.176788 0.778443 
539.289612 159.164566 0.879031 
525.519531 82.762634 0.762366 
421.712982 227.730270 0.759160 
474.594055 245.442139 0.063437 
0.000000 0.000000 0.000000 
451.139618 382.490509 0.669580 
468.753906 382.559296 0.655983 
478.537048 496.154358 0.809816 
435.415222 627.439453 0.730716 
433.501129 382.469330 0.639627 
458.867737 494.240356 0.811636 
429.487488 609.826599 0.750673 
460.944885 163.184631 0.950714 
0.000000 0.000000 0.000000 
443.196594 176.850677 0.891411 
0.000000 0.000000 0.000000 
464.892792 607.835510 0.216203 
464.852692 605.927490 0.195195 
413.822540 619.669678 0.684766 
488.317810 649.007996 0.804203 
474.627625 652.888428 0.791081 
421.733398 635.251831 0.836800 
 
468.716492 166.992386 0.880681 
445.164093 221.895935 0.847066 
462.868256 216.010223 0.779422 
521.627686 149.353424 0.709846 
533.370422 71.001938 0.716516 
417.864136 225.800598 0.749937 
494.269104 163.165680 0.493770 
496.145935 102.452583 0.748018 
449.193390 384.448151 0.672028 
464.801727 384.498962 0.663393 
476.654724 494.280060 0.825182 
433.544678 629.372803 0.733788 
433.492493 382.579407 0.632058 
456.953003 492.316223 0.814264 
427.611847 613.677673 0.748212 
460.876801 163.175491 0.944457 
0.000000 0.000000 0.000000 
441.289581 176.830124 0.883365 
0.000000 0.000000 0.000000 
464.859863 609.812500 0.174219 
462.947968 605.970703 0.148495 
413.772034 621.554138 0.662323 
488.339355 649.025452 0.822574 
474.634735 652.914551 0.790945 
421.675995 635.282715 0.791180 
 
464.871246 165.094849 0.887762 
441.326599 223.798843 0.821951 
460.898987 217.997589 0.774685 
494.256866 163.074570 0.634225 
507.834351 116.044975 0.563500 
417.775543 225.849442 0.757755 
496.214142 168.961761 0.095160 
505.951569 129.780243 0.412123 
451.083466 382.569824 0.674099 
464.884369 384.452057 0.658627 
476.582153 496.203400 0.789060 
433.502167 627.435242 0.735110 
433.503540 382.557983 0.630356 
451.145020 492.293365 0.795276 
425.642639 615.660217 0.728658 
460.794006 163.100479 0.905854 
0.000000 0.000000 0.000000 
439.315491 176.802795 0.869545 
0.000000 0.000000 0.000000 
464.827545 613.721802 0.161173 
464.801575 609.851807 0.130680 
411.890869 623.499329 0.621752 
488.294647 649.025208 0.807260 
474.578186 652.903564 0.768250 
419.736755 635.237244 0.765999 
 
464.869659 165.094223 0.887955 
441.330811 223.798264 0.821016 
460.896667 217.996185 0.774043 
494.257050 163.074738 0.632818 
507.833099 116.040337 0.559904 
417.782410 225.850708 0.754917 
496.206268 168.964294 0.098643 
505.956055 129.769623 0.415114 
451.081909 382.567108 0.674251 
464.884460 384.449463 0.657956 
476.579498 496.212585 0.786503 
433.505432 627.434692 0.735074 
433.503662 382.555664 0.630386 
451.132141 492.297974 0.796801 
425.637695 615.664551 0.729684 
460.792358 163.100037 0.905428 
0.000000 0.000000 0.000000 
439.315491 176.802795 0.869465 
0.000000 0.000000 0.000000 
464.826813 613.727417 0.158341 
464.854675 611.774048 0.127655 
411.890656 623.504822 0.625044 
488.294037 649.025757 0.807349 
474.575073 652.903015 0.767840 
419.742310 635.237549 0.765616 
 
Last frame read and added to queue. Closing program after it is processed.
464.798157 165.095810 0.929443 
435.477081 223.868011 0.829172 
458.891846 219.948883 0.760729 
505.899902 137.633759 0.683253 
525.592407 82.813942 0.803902 
415.835541 225.836044 0.791670 
0.000000 0.000000 0.000000 
0.000000 0.000000 0.000000 
449.208801 384.458099 0.668758 
464.834320 384.513763 0.650963 
474.621399 496.221161 0.759613 
431.609589 627.406433 0.761433 
433.525665 384.436005 0.623374 
447.230164 492.293274 0.823621 
423.681976 617.558167 0.726773 
458.858459 163.125366 0.890911 
0.000000 0.000000 0.000000 
433.512817 178.680603 0.904762 
0.000000 0.000000 0.000000 
464.860321 619.563538 0.169860 
0.000000 0.000000 0.000000 
409.972931 625.494385 0.587655 
486.362183 648.992432 0.813874 
472.653107 652.882141 0.770163 
417.781860 635.248535 0.777969 
 
462.828003 167.039505 0.920161 
433.461792 225.805557 0.882431 
453.062164 221.882385 0.767511 
507.840637 145.459427 0.783117 
527.528198 84.750061 0.771622 
415.760956 227.837997 0.796885 
0.000000 0.000000 0.000000 
0.000000 0.000000 0.000000 
447.248932 384.534790 0.683539 
462.924896 386.457458 0.656279 
474.547943 494.286011 0.753523 
433.442169 631.297607 0.770022 
431.561951 384.509521 0.647911 
445.303009 492.317261 0.844852 
421.727600 617.678284 0.730824 
451.147491 165.009460 0.889516 
0.000000 0.000000 0.000000 
431.529266 178.784897 0.965184 
0.000000 0.000000 0.000000 
462.917023 617.606262 0.148637 
462.866425 611.804321 0.101820 
411.828552 631.352783 0.625974 
486.388489 648.979065 0.814795 
474.554291 652.883240 0.800299 
417.809662 637.286560 0.789481 
 
OpenPose demo successfully finished. Total time: 44.005634 seconds.
