Starting OpenPose demo...
Configuring OpenPose...
Starting thread(s)...
Auto-detecting all available GPUs... Detected 1 GPU(s), using 1 of them starting at GPU 0.
447.208740 261.125153 0.881595 
384.549957 284.520966 0.814136 
394.265137 288.451660 0.840591 
366.814880 364.849548 0.862334 
431.589386 368.885681 0.754911 
380.546967 276.703247 0.745726 
376.647766 351.253418 0.593617 
431.556793 378.572418 0.688885 
315.915039 411.944336 0.664346 
327.668182 413.928406 0.671693 
398.164795 507.833984 0.849195 
400.171112 637.246948 0.805693 
302.170410 409.926483 0.588768 
357.072662 505.890594 0.792120 
270.842285 600.000305 0.778181 
445.264832 253.260757 0.894984 
0.000000 0.000000 0.000000 
417.873932 243.418045 0.882027 
0.000000 0.000000 0.000000 
304.160156 635.277527 0.827010 
300.233734 633.295959 0.726590 
253.204895 605.922791 0.754842 
451.085571 649.007080 0.753197 
441.312256 652.929993 0.742663 
390.392181 651.018005 0.776639 
 
455.012268 272.906342 0.899666 
392.292114 292.413910 0.787809 
400.097778 302.213226 0.898368 
380.607452 378.617737 0.828011 
447.175018 370.838989 0.562191 
382.598358 288.458252 0.779894 
382.505188 368.743439 0.526137 
439.368805 368.835938 0.691880 
312.010468 413.880585 0.670251 
323.794922 415.901459 0.665497 
409.989502 505.907990 0.803283 
400.254791 637.208679 0.809085 
298.299316 409.954956 0.580902 
364.878082 509.844482 0.843903 
268.901672 596.082886 0.744894 
447.283691 261.048065 0.909342 
460.777466 261.157867 0.141075 
425.588531 255.196899 0.856763 
0.000000 0.000000 0.000000 
302.138550 635.326477 0.794848 
294.349701 633.281189 0.727167 
247.343979 602.016541 0.736214 
449.217865 649.020142 0.777959 
441.291870 652.934692 0.762529 
392.311981 650.951904 0.796085 
 
460.887909 280.673859 0.872095 
396.247803 304.079468 0.833803 
402.085358 308.095612 0.858893 
386.510834 390.367889 0.815256 
447.268005 370.741760 0.801171 
386.432739 290.548859 0.764314 
394.284973 374.721161 0.436803 
445.219269 368.872894 0.674342 
310.031586 415.901489 0.683039 
321.867767 419.751434 0.660478 
415.840576 504.013977 0.840144 
402.116119 635.332397 0.802681 
294.405945 413.930603 0.610907 
366.925049 513.786011 0.807753 
263.015167 592.134460 0.749191 
456.963501 272.710663 0.871855 
462.759796 272.868652 0.059085 
429.491699 262.992065 0.890202 
0.000000 0.000000 0.000000 
290.541443 635.239868 0.829435 
288.543121 631.340454 0.753201 
243.390015 599.943542 0.746257 
451.102570 649.023254 0.792785 
441.273407 652.911865 0.775701 
392.298248 650.858215 0.807596 
 
460.936188 286.570740 0.915026 
398.128265 306.181793 0.856161 
402.191803 317.847046 0.838193 
396.256256 398.288269 0.883810 
449.163116 370.811005 0.746738 
386.501465 302.187866 0.726609 
398.173065 384.477509 0.442533 
447.263092 372.720032 0.628467 
310.064117 423.670990 0.650063 
323.754547 425.618073 0.649544 
417.859650 505.874908 0.808936 
402.081329 637.218201 0.799787 
296.334167 423.641663 0.583100 
362.949066 523.510010 0.827647 
259.168457 590.193298 0.788215 
458.864502 274.719513 0.915057 
0.000000 0.000000 0.000000 
429.552673 270.868164 0.921409 
0.000000 0.000000 0.000000 
284.604523 635.272888 0.810064 
282.610992 631.367004 0.753667 
241.442993 592.188354 0.773536 
451.095276 649.011230 0.791165 
441.296722 652.914734 0.777900 
390.390808 650.900024 0.825503 
 
460.938904 286.569122 0.914794 
398.132141 306.181000 0.856526 
402.189880 317.843872 0.837759 
396.260071 398.292480 0.883805 
449.160034 370.802399 0.750399 
386.509155 302.187378 0.724657 
398.182617 384.483215 0.439005 
447.263702 372.711334 0.623525 
310.062317 423.679565 0.649540 
323.752960 425.624695 0.649348 
417.858337 505.878082 0.809929 
402.092163 637.212097 0.798120 
296.331055 423.650604 0.582339 
362.945435 523.515503 0.828652 
259.175964 590.189392 0.785709 
458.865631 274.719635 0.915300 
0.000000 0.000000 0.000000 
429.552734 270.869476 0.921515 
0.000000 0.000000 0.000000 
284.607788 635.273865 0.809402 
282.612549 631.368958 0.753456 
241.446762 592.190186 0.772405 
451.102875 649.013245 0.791357 
441.300110 652.913940 0.778658 
390.398041 650.894653 0.823832 
 
460.934235 288.463928 0.933836 
398.105377 311.970398 0.814002 
402.152405 319.877472 0.864073 
396.173706 402.131439 0.831930 
447.279724 378.578125 0.766974 
386.478088 304.199554 0.768624 
398.175873 384.543976 0.387098 
449.117950 378.625397 0.582954 
308.080200 427.575073 0.681450 
321.830994 429.475708 0.682184 
419.786102 505.959930 0.822732 
400.253937 637.258972 0.801136 
292.454224 425.655365 0.606073 
357.041656 525.562500 0.820303 
257.072571 588.316162 0.791036 
456.983795 274.826843 0.896741 
462.776062 274.803284 0.064655 
429.452515 272.825684 0.910760 
0.000000 0.000000 0.000000 
274.872345 635.278381 0.803769 
274.739563 631.355591 0.767535 
231.688339 592.148560 0.680948 
451.085815 649.001587 0.796987 
441.293030 652.921814 0.782671 
390.345703 650.940613 0.831490 
 
458.875549 288.391632 0.880573 
392.306854 313.938324 0.765278 
400.151428 321.737396 0.895354 
386.492615 402.184570 0.829960 
445.251343 382.535797 0.790395 
382.576508 306.065521 0.788359 
396.228058 384.486206 0.495253 
445.263489 380.507019 0.704017 
306.172760 429.542999 0.690581 
321.821198 429.591400 0.674001 
417.809143 507.859985 0.854167 
400.268951 639.157715 0.791860 
290.493561 429.513733 0.617360 
351.232300 531.431274 0.799693 
245.404572 592.187317 0.755528 
449.190765 274.725677 0.905350 
0.000000 0.000000 0.000000 
425.590546 272.741333 0.872567 
0.000000 0.000000 0.000000 
268.886047 639.177490 0.771458 
264.969849 635.213196 0.747349 
225.802048 596.069458 0.765534 
451.083038 648.995789 0.785508 
441.300629 652.922119 0.773583 
390.377502 650.990784 0.822958 
 
449.202393 278.744690 0.844781 
384.583649 310.030609 0.829486 
398.190155 319.859283 0.883233 
380.592987 400.258972 0.862302 
441.292511 384.507477 0.753655 
378.621185 304.147186 0.777551 
386.424591 382.563385 0.574837 
437.416504 380.566528 0.702534 
304.103943 427.610260 0.686634 
319.796936 429.547058 0.674640 
413.930939 507.898743 0.900582 
400.274506 639.150879 0.789450 
288.410004 427.555573 0.611195 
345.286285 533.349304 0.770819 
239.489288 594.116272 0.758215 
445.298706 270.894104 0.924261 
0.000000 0.000000 0.000000 
417.770996 270.805969 0.886433 
0.000000 0.000000 0.000000 
257.203278 641.109985 0.769475 
257.104309 635.210144 0.750443 
214.071426 598.021606 0.697402 
451.083832 648.993713 0.764879 
443.218353 652.912598 0.757754 
392.322540 651.012512 0.785483 
 
445.291840 272.899689 0.922012 
382.520691 306.155243 0.872553 
392.319489 317.839691 0.810261 
368.767487 398.184692 0.912467 
431.587494 384.504272 0.734163 
370.807587 302.218079 0.743884 
372.741516 380.604309 0.512214 
429.576111 382.451447 0.662835 
296.328094 421.711029 0.652666 
311.972778 425.642761 0.625579 
400.144684 507.954102 0.883160 
400.227295 639.147827 0.794657 
278.713379 417.833954 0.612116 
333.554901 529.462158 0.814651 
225.831635 600.014099 0.791046 
441.272614 261.073120 0.846897 
0.000000 0.000000 0.000000 
411.887756 261.091736 0.863900 
0.000000 0.000000 0.000000 
251.265854 646.956238 0.760671 
245.439087 637.237061 0.732386 
208.121933 601.989380 0.763828 
451.098877 648.991821 0.741913 
443.232605 652.914856 0.742074 
392.311981 652.864624 0.761694 
 
445.288086 272.899078 0.921562 
382.519073 306.153839 0.873103 
392.310944 317.836151 0.809377 
368.766357 398.184692 0.912724 
431.589020 384.510864 0.735677 
370.807068 302.217560 0.744230 
372.750946 380.590088 0.514388 
429.578247 382.444672 0.668201 
296.333496 421.724213 0.652729 
311.975952 425.655823 0.626460 
400.145050 507.950348 0.883403 
400.227081 639.152222 0.794496 
278.720978 417.842926 0.610949 
333.554840 529.458252 0.814393 
225.838486 600.009827 0.789012 
441.272125 261.073364 0.846678 
0.000000 0.000000 0.000000 
411.889648 261.090515 0.864448 
0.000000 0.000000 0.000000 
251.267227 646.952515 0.760102 
245.440491 637.234558 0.732941 
208.127213 601.986145 0.762702 
451.098114 648.992249 0.741834 
443.231628 652.916931 0.741686 
392.311615 652.868225 0.761224 
 
435.417236 261.093597 0.844751 
372.740479 304.207550 0.844907 
384.458160 312.026764 0.848952 
355.113647 390.365387 0.825182 
421.721680 384.580261 0.757352 
364.883118 296.342773 0.744452 
362.917267 378.610382 0.355976 
415.875732 382.543304 0.649359 
288.453583 415.797333 0.702836 
304.120941 417.837189 0.651981 
382.574280 509.792816 0.869757 
400.225494 637.220581 0.784716 
270.888550 411.934601 0.621901 
319.904694 523.661560 0.875753 
219.933533 602.018005 0.755584 
429.523499 255.161301 0.907910 
0.000000 0.000000 0.000000 
400.169861 257.135223 0.935986 
0.000000 0.000000 0.000000 
245.368027 648.962280 0.826437 
241.541077 643.072510 0.733327 
196.436890 607.796936 0.702218 
453.035339 648.920471 0.749717 
443.246460 652.862000 0.765080 
392.304291 651.041504 0.743394 
 
429.497375 259.060303 0.921489 
368.833923 302.231506 0.839437 
380.521454 308.049316 0.831296 
347.251678 384.455658 0.879771 
408.026978 388.445190 0.778491 
364.851105 292.433777 0.753805 
351.206360 370.787109 0.491129 
404.095123 382.471039 0.642241 
272.806366 411.917847 0.677935 
288.444031 413.932831 0.655739 
362.937561 509.847107 0.791249 
398.223328 637.223877 0.779588 
257.086914 407.974091 0.598514 
306.116364 523.473755 0.855516 
212.009445 605.889893 0.767873 
417.858337 249.281876 0.836760 
0.000000 0.000000 0.000000 
390.405945 255.177414 0.852503 
0.000000 0.000000 0.000000 
243.422455 649.034851 0.804560 
239.511841 646.988708 0.689363 
192.450912 615.680664 0.704841 
451.070679 637.184082 0.742359 
441.320343 647.016663 0.750519 
390.336121 652.926819 0.755200 
 
417.772644 257.153687 0.901780 
357.051178 302.219574 0.810473 
368.799683 308.050964 0.864129 
335.525146 384.415710 0.925342 
398.228607 396.200073 0.862781 
349.207245 292.408905 0.722333 
343.357086 368.740204 0.627737 
398.231689 380.526154 0.738108 
259.176666 409.917969 0.657884 
274.745972 413.855896 0.669739 
351.173004 507.903748 0.863983 
386.411713 635.206116 0.782592 
243.511765 402.113831 0.584613 
292.482788 521.628479 0.821334 
204.225601 613.706665 0.742177 
411.924805 245.410400 0.876978 
0.000000 0.000000 0.000000 
382.576538 253.255676 0.883666 
0.000000 0.000000 0.000000 
243.371750 650.949951 0.815950 
239.493423 648.946838 0.704437 
182.757690 619.653259 0.734306 
443.278137 629.407227 0.739408 
431.544250 635.328003 0.751090 
382.499207 650.920898 0.800795 
 
406.004639 257.199524 0.875651 
349.185883 304.220551 0.860096 
358.989319 311.990265 0.788336 
325.695496 386.448853 0.829239 
384.560822 398.282715 0.851475 
335.572723 300.230774 0.728849 
335.444366 372.755920 0.626975 
384.561462 384.529938 0.777096 
245.454102 411.930878 0.666989 
263.008392 413.906891 0.647876 
349.250000 500.102112 0.807243 
362.905518 633.319458 0.752114 
229.691803 409.942688 0.616283 
288.503174 521.599609 0.853757 
196.504059 617.665222 0.789661 
398.226990 247.374405 0.883365 
0.000000 0.000000 0.000000 
370.757111 257.083435 0.914993 
0.000000 0.000000 0.000000 
241.527161 650.986450 0.811939 
239.442657 648.986023 0.728779 
180.677063 627.381042 0.761620 
415.827606 633.333435 0.680228 
404.106079 641.111206 0.638506 
353.092987 648.961975 0.729436 
 
406.006409 257.199738 0.875460 
349.191315 304.222107 0.860780 
358.990234 311.990540 0.787896 
325.693573 386.451080 0.828276 
384.562653 398.282593 0.849010 
335.579437 300.235168 0.729661 
335.439270 372.765594 0.626380 
384.555939 384.532257 0.778830 
245.453064 411.921204 0.667024 
262.997894 413.900909 0.649153 
349.245667 500.088928 0.806627 
362.906586 633.320007 0.752138 
229.701416 409.923737 0.614147 
288.505432 521.596619 0.852840 
196.501389 617.670898 0.789548 
398.226868 247.375977 0.882891 
0.000000 0.000000 0.000000 
370.756744 257.084412 0.915083 
0.000000 0.000000 0.000000 
241.530136 650.985962 0.811082 
239.444702 648.985535 0.728318 
180.670715 627.385010 0.763161 
415.831787 633.334839 0.679677 
404.109528 641.113220 0.637559 
353.093201 648.961792 0.729148 
 
398.149567 261.037750 0.895834 
337.434052 306.157410 0.866992 
351.150909 317.853333 0.836374 
317.873596 396.165771 0.846104 
380.548645 400.200500 0.802788 
327.671906 302.220367 0.708893 
325.703705 380.562378 0.539417 
378.628021 396.213379 0.619090 
239.513962 415.781189 0.670455 
257.078491 417.773285 0.639032 
347.255524 494.274292 0.839345 
323.820770 633.284729 0.772263 
221.878983 411.908203 0.593527 
286.534576 521.614990 0.842600 
196.483795 617.683594 0.793583 
386.452637 255.186111 0.880009 
0.000000 0.000000 0.000000 
360.972046 259.100525 0.878706 
0.000000 0.000000 0.000000 
241.487976 650.989990 0.816946 
237.528748 648.984436 0.738060 
178.847076 627.439880 0.766980 
382.470062 645.035889 0.757553 
368.794952 649.023926 0.814734 
312.017639 645.042969 0.701746 
 
384.543518 261.073273 0.888943 
325.681305 310.056000 0.806842 
341.357361 319.839294 0.807939 
310.064026 398.258728 0.879533 
370.740936 402.103760 0.830589 
310.063080 304.139069 0.739546 
306.174652 384.440430 0.268312 
366.799072 398.196716 0.469980 
231.658936 425.648560 0.653241 
247.364059 429.563965 0.653727 
337.569672 498.112305 0.836496 
290.383362 621.600037 0.796582 
212.161896 417.837738 0.590675 
286.539093 521.627686 0.844140 
196.417297 619.525757 0.786508 
378.597778 257.032837 0.864529 
0.000000 0.000000 0.000000 
351.179291 261.039612 0.923840 
0.000000 0.000000 0.000000 
241.461975 650.924683 0.807654 
233.652176 648.899719 0.667764 
178.775208 629.400513 0.753834 
339.419708 648.957947 0.793469 
325.753418 650.927673 0.748258 
274.755981 633.259705 0.730986 
 
374.664734 263.006287 0.817975 
319.747589 317.807922 0.841662 
335.445831 321.890472 0.846303 
306.166473 402.092346 0.900661 
368.753418 402.162811 0.809290 
304.145630 306.140717 0.754338 
304.175568 384.517761 0.274899 
359.036194 400.134460 0.509021 
225.732529 429.553558 0.686500 
239.538849 433.458282 0.656419 
333.553467 507.852295 0.868658 
261.136719 617.696045 0.756865 
208.167816 423.639008 0.589907 
284.587982 523.646545 0.847708 
196.336197 619.578125 0.792808 
366.800171 257.122467 0.925539 
0.000000 0.000000 0.000000 
339.407043 263.043610 0.863982 
0.000000 0.000000 0.000000 
233.669754 650.863159 0.689153 
227.772507 647.038818 0.598879 
178.731155 631.345154 0.748419 
308.157074 650.976562 0.725869 
296.318756 652.891052 0.673864 
247.367950 627.397400 0.689870 
 
364.843628 262.996124 0.830512 
308.116821 319.793335 0.854257 
325.749573 323.721710 0.798611 
306.218506 402.195740 0.856430 
366.915680 400.166107 0.879338 
292.403320 310.091217 0.692188 
310.033051 386.450378 0.265634 
360.976898 394.250671 0.508124 
219.922348 433.464203 0.661514 
231.698578 439.368958 0.635988 
321.741211 513.760864 0.833381 
241.513458 619.657532 0.723785 
204.239273 429.523926 0.580123 
286.567505 521.663940 0.783955 
196.378632 619.528564 0.754871 
353.105835 257.097137 0.920258 
0.000000 0.000000 0.000000 
327.686890 264.951965 0.823741 
0.000000 0.000000 0.000000 
221.876083 650.891235 0.393593 
214.102951 650.873413 0.306457 
178.802536 631.300537 0.739038 
282.619141 662.699524 0.698118 
272.762360 662.668335 0.642223 
227.705414 631.325073 0.560618 
 
364.855988 261.132294 0.843005 
308.113373 319.798340 0.855015 
325.741943 323.722870 0.799283 
306.221710 402.197388 0.855454 
366.921051 400.166229 0.878654 
292.404175 311.979919 0.690080 
310.035645 386.453186 0.263018 
360.984558 394.259399 0.504008 
219.932632 433.470093 0.660453 
231.708466 441.261536 0.635860 
321.739960 513.769592 0.832647 
241.513748 619.658142 0.723795 
204.248230 429.526398 0.577752 
286.558716 523.487854 0.783517 
196.373627 619.531433 0.756325 
353.113159 257.086823 0.923188 
0.000000 0.000000 0.000000 
327.692993 264.953857 0.823656 
0.000000 0.000000 0.000000 
221.877365 650.887451 0.393098 
214.093414 649.045410 0.305849 
178.798477 631.300415 0.738532 
282.622040 662.700134 0.699042 
272.763428 662.669128 0.643364 
227.706131 631.325439 0.560826 
 
351.241516 259.165527 0.914477 
302.142151 315.909180 0.809969 
317.893494 321.742645 0.836233 
311.973206 402.132874 0.797233 
368.854584 384.578156 0.747283 
284.532196 306.213379 0.732701 
312.012482 388.419769 0.334926 
366.796936 384.568054 0.526156 
216.049149 435.458038 0.653152 
227.800659 443.270966 0.675904 
317.830994 525.458801 0.852142 
227.776382 633.369385 0.798598 
202.324692 431.475464 0.551855 
286.470795 525.489197 0.806612 
196.434952 619.548645 0.765958 
341.404816 255.106171 0.841746 
0.000000 0.000000 0.000000 
319.822906 259.200867 0.912686 
0.000000 0.000000 0.000000 
272.840668 664.676025 0.101448 
272.812073 656.834290 0.089148 
180.816360 631.309448 0.743001 
276.714417 664.667847 0.795858 
263.012970 666.570312 0.747160 
212.133682 639.216431 0.718205 
 
337.522583 257.202057 0.909158 
290.369873 310.089020 0.859390 
308.080719 317.868317 0.825442 
321.709625 400.125244 0.911981 
368.845825 368.817871 0.830595 
270.838898 306.126892 0.783289 
313.937012 380.601044 0.314483 
355.109772 372.773987 0.369938 
216.036285 443.244202 0.679750 
229.748856 445.289124 0.689965 
315.924866 527.522217 0.818143 
227.722855 637.223572 0.803710 
200.312729 435.455811 0.587197 
276.718597 533.367432 0.774934 
200.311966 617.578918 0.768611 
333.489044 247.369339 0.826256 
0.000000 0.000000 0.000000 
306.174469 259.027924 0.933100 
0.000000 0.000000 0.000000 
227.761093 621.575195 0.055884 
0.000000 0.000000 0.000000 
186.589844 625.471558 0.698182 
274.739288 664.616577 0.820871 
259.160553 666.552795 0.803973 
212.045914 645.065308 0.749430 
 
325.717712 251.265198 0.826825 
274.834839 304.241058 0.900294 
302.151276 308.049835 0.825323 
333.484436 384.460358 0.841534 
370.820038 337.555145 0.717712 
255.167938 302.223633 0.786682 
311.978180 364.904968 0.353227 
368.824799 339.493500 0.355024 
221.865707 445.244019 0.697015 
235.606598 447.214539 0.685949 
317.871857 527.569031 0.828273 
227.733475 635.245728 0.815855 
204.240723 443.222809 0.593754 
280.662598 533.397949 0.767549 
200.322998 617.575439 0.758074 
319.765137 243.350937 0.915563 
0.000000 0.000000 0.000000 
292.485291 253.201904 0.853057 
0.000000 0.000000 0.000000 
272.815094 664.576050 0.079579 
272.758392 654.888000 0.070507 
184.658508 623.538452 0.694073 
274.753906 664.562622 0.804898 
261.037689 664.677856 0.792235 
212.090485 641.120605 0.721588 
 
315.917267 243.431473 0.867394 
266.951630 302.136658 0.830089 
292.463715 302.198212 0.818426 
339.491119 366.904999 0.837191 
366.861084 306.164307 0.802872 
241.526352 294.417908 0.794934 
290.449768 351.248566 0.357424 
319.882874 353.164429 0.219551 
223.855743 445.199036 0.705874 
241.465347 447.140991 0.717379 
319.787048 527.548096 0.840208 
227.783249 635.194031 0.799512 
204.233154 441.311676 0.612256 
280.659058 535.313782 0.755175 
202.280609 615.648926 0.746717 
306.069275 235.630524 0.845089 
0.000000 0.000000 0.000000 
282.591248 243.382675 0.888820 
0.000000 0.000000 0.000000 
227.832809 621.543457 0.059348 
0.000000 0.000000 0.000000 
186.616653 621.589172 0.673067 
274.783905 664.530579 0.794079 
261.083435 664.634521 0.779468 
212.106995 639.189880 0.713111 
 
315.914520 243.433899 0.867210 
266.939728 302.133484 0.829621 
292.464630 302.199585 0.818126 
339.487549 366.906036 0.837248 
366.858276 306.167969 0.804706 
241.513245 294.409515 0.796604 
290.437164 351.250610 0.354485 
319.871674 353.173309 0.229282 
223.858719 445.201202 0.705923 
241.469269 447.144318 0.717782 
319.782410 527.554077 0.837213 
227.781693 635.196106 0.799949 
204.235413 441.312775 0.612266 
280.661804 535.323425 0.753904 
202.276093 615.651001 0.747055 
306.070740 237.503342 0.846053 
0.000000 0.000000 0.000000 
282.588196 243.384033 0.888469 
0.000000 0.000000 0.000000 
227.834198 621.547058 0.059222 
0.000000 0.000000 0.000000 
186.612549 621.590027 0.672965 
274.782928 664.531555 0.795002 
261.081970 664.635620 0.780289 
212.105713 639.192383 0.712067 
 
304.217773 233.635559 0.874649 
259.060730 288.474243 0.940172 
288.450928 288.557068 0.863598 
351.256744 339.483765 0.862386 
360.963776 274.757507 0.721744 
231.693558 286.524109 0.782238 
300.255524 321.798492 0.314201 
347.218811 278.709869 0.525765 
225.845947 437.399750 0.681148 
243.380890 443.210480 0.675970 
319.782379 529.456177 0.828809 
227.759399 635.192444 0.814644 
208.171539 433.475098 0.604116 
278.686523 533.400879 0.754842 
202.266663 615.661743 0.740224 
294.391632 225.817902 0.862255 
0.000000 0.000000 0.000000 
272.805145 233.625626 0.859432 
0.000000 0.000000 0.000000 
272.848480 664.595886 0.071341 
0.000000 0.000000 0.000000 
188.549484 621.575745 0.666739 
274.777466 664.560791 0.787648 
261.063293 664.664124 0.770481 
212.059158 639.165833 0.703428 
 
290.436188 223.865112 0.910476 
255.159561 276.702515 0.872463 
280.623535 274.747986 0.837219 
355.174988 310.096313 0.805671 
351.158936 245.369980 0.791065 
227.739502 276.799927 0.814984 
304.187531 300.232788 0.303905 
323.833618 257.042450 0.738673 
229.723450 429.599182 0.698459 
247.362762 431.536102 0.659396 
317.843719 527.551331 0.814765 
227.706543 637.227234 0.814891 
212.049011 429.527100 0.641297 
276.707642 531.426514 0.763801 
204.248810 615.610413 0.751126 
284.569916 214.061462 0.869464 
0.000000 0.000000 0.000000 
259.196594 225.716049 0.908125 
0.000000 0.000000 0.000000 
227.853836 621.529968 0.060123 
0.000000 0.000000 0.000000 
192.455414 621.541687 0.708406 
274.759888 664.568909 0.808955 
259.168091 666.531616 0.810868 
212.019485 645.020996 0.764139 
 
280.664673 212.112564 0.703419 
247.319443 261.128021 0.813614 
272.819733 259.054504 0.840240 
359.060944 276.764221 0.799364 
335.458618 216.025986 0.795596 
225.855682 266.954590 0.756275 
302.214111 272.809418 0.311278 
313.962128 225.732361 0.712570 
237.515091 423.638275 0.647856 
249.331207 425.622437 0.623999 
308.101654 525.530212 0.836733 
227.679688 637.264343 0.798618 
219.923264 419.735229 0.581599 
274.799988 527.497620 0.801048 
198.417175 617.622253 0.770514 
274.775421 206.161209 0.767292 
0.000000 0.000000 0.000000 
255.163986 210.200638 0.887467 
0.000000 0.000000 0.000000 
227.695648 621.526184 0.058619 
0.000000 0.000000 0.000000 
186.600281 627.403503 0.678611 
274.744720 664.531433 0.813249 
259.178711 664.710876 0.829403 
210.185684 647.003235 0.789957 
 
272.869873 196.403473 0.844821 
243.370834 251.286514 0.861803 
270.802338 243.445999 0.793398 
355.091400 247.337830 0.809505 
317.819672 188.562927 0.738454 
219.934738 257.084320 0.765913 
306.137695 241.498199 0.265187 
304.181946 194.524643 0.572583 
241.524338 409.974396 0.664418 
259.062775 411.888672 0.639450 
302.210114 519.629822 0.790294 
225.803833 639.148926 0.793976 
223.869217 409.925140 0.585084 
270.870728 523.623962 0.809065 
198.387482 617.699158 0.752115 
264.953186 190.514114 0.784899 
0.000000 0.000000 0.000000 
245.405746 196.441574 0.912939 
0.000000 0.000000 0.000000 
227.810608 619.737305 0.057284 
0.000000 0.000000 0.000000 
186.584717 629.385498 0.666628 
274.738159 664.575806 0.826334 
259.176941 666.547913 0.811861 
210.162186 647.040466 0.806575 
 
272.868927 196.403763 0.845134 
243.366943 251.289886 0.861910 
270.801849 243.447113 0.792985 
355.089417 247.338104 0.809708 
317.818176 188.562881 0.739552 
219.925858 257.087402 0.765392 
306.132935 241.497437 0.263207 
304.179108 194.524765 0.567496 
241.526886 409.973297 0.663694 
259.069824 411.887543 0.638990 
302.214600 519.630554 0.789728 
225.802155 639.148743 0.794109 
223.864441 409.922272 0.583717 
270.868835 523.628113 0.809211 
198.377151 619.510071 0.752249 
264.951416 190.514694 0.785451 
0.000000 0.000000 0.000000 
245.405136 196.442123 0.912715 
0.000000 0.000000 0.000000 
227.813614 619.745422 0.055829 
0.000000 0.000000 0.000000 
186.582535 629.391235 0.666900 
274.735352 664.576477 0.827269 
259.175781 666.547913 0.812786 
210.161133 647.041565 0.805895 
 
270.802063 180.797653 0.812308 
241.517776 233.669266 0.859175 
268.931763 225.877502 0.798201 
351.239471 223.823227 0.874045 
306.076294 163.141876 0.777230 
214.088272 241.467728 0.778715 
296.318146 221.868546 0.303843 
292.450470 170.960098 0.569348 
243.405045 392.304382 0.652033 
259.076233 394.258850 0.629555 
292.379364 507.834106 0.806438 
225.826889 635.242371 0.798283 
225.815704 388.436218 0.566845 
268.896027 509.828857 0.782157 
196.493256 617.669189 0.746249 
259.109161 176.805298 0.826949 
0.000000 0.000000 0.000000 
241.393173 182.689224 0.890958 
0.000000 0.000000 0.000000 
253.169083 617.560974 0.081659 
0.000000 0.000000 0.000000 
182.709808 629.358093 0.655564 
274.816010 664.530090 0.793094 
261.119293 664.674255 0.791848 
210.179810 643.106934 0.737712 
 
265.013214 165.135117 0.835218 
241.378708 223.839523 0.872900 
264.967163 212.162430 0.768434 
351.102875 196.490723 0.858204 
300.244293 145.395340 0.736244 
212.147491 227.790176 0.793924 
292.417755 198.382416 0.298595 
290.518250 147.327255 0.429518 
243.479630 382.475708 0.654888 
261.113464 382.496460 0.629637 
288.388397 496.165741 0.806215 
227.804352 631.331177 0.782388 
225.812881 380.595764 0.598793 
259.138580 496.136688 0.809807 
196.474167 615.617798 0.733090 
257.118439 161.127808 0.849130 
0.000000 0.000000 0.000000 
239.448746 170.970322 0.849835 
0.000000 0.000000 0.000000 
227.778351 617.573120 0.053499 
0.000000 0.000000 0.000000 
184.632294 623.471497 0.655264 
276.705841 664.540405 0.806071 
263.035156 664.619568 0.776597 
214.037186 637.201355 0.727511 
 
261.038910 161.143600 0.824211 
237.574402 212.053848 0.856682 
265.003357 198.392593 0.774964 
345.339630 178.809647 0.861764 
306.060913 118.119179 0.783978 
210.184433 221.884369 0.786194 
288.547333 182.757538 0.597103 
288.499878 131.701294 0.832048 
243.472412 370.795837 0.645795 
263.035095 372.727905 0.599527 
274.837738 492.259613 0.781476 
231.689346 627.395630 0.730161 
225.778763 370.751770 0.607593 
253.194763 492.223236 0.796382 
200.353333 611.738953 0.721214 
255.180435 151.414291 0.815499 
0.000000 0.000000 0.000000 
233.636398 163.178009 0.909141 
0.000000 0.000000 0.000000 
0.000000 0.000000 0.000000 
0.000000 0.000000 0.000000 
190.537888 621.513550 0.708113 
276.737152 664.583618 0.812053 
265.007355 664.603394 0.751202 
217.992981 635.307739 0.704018 
 
263.001984 153.333099 0.865715 
235.577972 208.137177 0.845532 
261.076874 196.428391 0.811343 
339.437256 161.146454 0.868361 
319.747986 100.395676 0.877952 
210.086700 212.062927 0.826783 
264.947021 225.874039 0.064856 
0.000000 0.000000 0.000000 
243.404556 368.867828 0.672435 
261.113617 370.799042 0.622310 
272.871246 490.237244 0.768245 
241.368820 621.569519 0.769161 
223.878128 368.818146 0.628824 
243.509903 490.230774 0.794827 
204.213669 605.896606 0.728215 
257.046753 149.357422 0.918091 
0.000000 0.000000 0.000000 
229.786865 159.225677 0.853410 
0.000000 0.000000 0.000000 
219.955734 641.103333 0.064647 
0.000000 0.000000 0.000000 
192.478378 619.564514 0.723233 
278.694458 664.549255 0.769049 
270.819733 662.715271 0.723262 
225.770462 635.223877 0.693678 
 
263.003693 153.333298 0.865596 
235.575912 208.141556 0.846294 
261.071808 196.430313 0.811464 
339.432648 161.148056 0.869397 
319.747986 100.395866 0.878279 
210.089737 212.069901 0.826087 
263.044281 227.726883 0.065788 
0.000000 0.000000 0.000000 
243.405533 368.871185 0.671094 
261.113770 370.803040 0.620844 
272.868866 490.246460 0.769037 
241.374237 621.572327 0.769624 
225.707977 368.827332 0.628013 
243.508621 490.235413 0.795807 
204.215714 605.893616 0.728244 
257.046936 149.357895 0.918204 
0.000000 0.000000 0.000000 
229.788712 161.065918 0.853883 
0.000000 0.000000 0.000000 
219.957016 641.098267 0.063685 
0.000000 0.000000 0.000000 
192.483459 619.564575 0.722935 
278.692657 664.550049 0.768197 
270.821838 662.714539 0.722733 
225.772476 635.225464 0.692662 
 
257.204315 149.442001 0.927809 
231.667465 206.176407 0.814425 
259.184967 194.433258 0.811863 
333.567169 137.643600 0.829055 
323.832214 84.686989 0.767392 
208.146255 210.199158 0.780569 
286.451385 155.256516 0.531863 
288.416504 86.777420 0.782691 
243.372284 368.857880 0.670984 
261.039917 370.803101 0.624821 
272.779327 486.390930 0.739979 
241.413864 621.517151 0.787560 
223.872452 368.787933 0.625180 
241.552887 488.302521 0.787386 
202.271851 605.894226 0.741317 
247.393188 147.334183 0.857770 
0.000000 0.000000 0.000000 
227.729797 153.292313 0.899295 
0.000000 0.000000 0.000000 
225.722855 644.982727 0.063307 
0.000000 0.000000 0.000000 
192.459137 619.555054 0.751051 
278.713470 662.716980 0.781161 
268.903748 662.663452 0.719638 
225.831833 633.322083 0.668430 
 
Last frame read and added to queue. Closing program after it is processed.
257.089325 149.331314 0.898705 
227.838562 204.263428 0.855665 
257.100952 198.367798 0.787521 
292.382568 145.454178 0.570407 
290.417694 84.755547 0.692002 
206.239075 210.026932 0.794052 
290.534454 153.290985 0.176593 
294.410980 86.713608 0.218480 
241.480103 370.779419 0.674552 
259.157166 372.745544 0.638411 
272.706421 486.383209 0.732363 
239.540802 621.560913 0.766688 
221.864227 368.852997 0.616019 
241.359924 486.354126 0.765085 
200.350754 605.888123 0.728806 
245.357376 145.449692 0.857435 
0.000000 0.000000 0.000000 
225.831589 153.356094 0.883886 
0.000000 0.000000 0.000000 
229.695435 603.975830 0.066416 
223.802170 601.893372 0.050173 
190.565430 619.580750 0.711871 
278.678558 664.549744 0.796564 
268.860535 662.697388 0.722880 
225.741791 633.353638 0.661851 
 
255.172485 149.378723 0.907778 
227.822983 208.117706 0.848233 
255.202667 198.342117 0.759261 
290.445099 133.700531 0.548584 
296.354218 88.693893 0.396683 
208.153595 210.163773 0.793097 
0.000000 0.000000 0.000000 
0.000000 0.000000 0.000000 
241.499191 378.623810 0.659612 
259.135803 380.583252 0.632543 
268.917755 492.258911 0.691329 
235.602676 625.460815 0.728375 
223.813965 376.656464 0.600617 
235.572968 490.313141 0.754320 
196.439896 611.762512 0.741854 
243.444962 145.499542 0.904808 
0.000000 0.000000 0.000000 
225.745148 159.169373 0.886089 
0.000000 0.000000 0.000000 
212.243347 641.112244 0.079999 
0.000000 0.000000 0.000000 
184.687347 621.613647 0.712568 
276.777740 664.544678 0.786664 
266.962219 664.560425 0.741347 
221.906860 635.304688 0.730197 
 
OpenPose demo successfully finished. Total time: 40.556301 seconds.
