Starting OpenPose demo...
Configuring OpenPose...
Starting thread(s)...
Auto-detecting all available GPUs... Detected 1 GPU(s), using 1 of them starting at GPU 0.
695.221069 621.672058 0.959679 
671.425476 668.484558 0.872931 
662.657654 656.793762 0.853787 
665.601868 701.020142 0.865067 
712.771667 695.204224 0.939148 
677.412170 671.540527 0.806348 
698.121826 736.213440 0.837382 
736.360474 718.540222 0.797945 
665.594849 783.369812 0.831486 
648.041870 780.435120 0.832707 
651.064697 859.830872 0.930563 
586.212280 930.710205 0.861347 
671.625366 786.188721 0.869360 
668.664917 862.960083 0.886113 
650.917053 954.040344 0.910211 
692.092224 618.597778 0.908351 
695.219666 621.394653 0.281305 
668.640442 621.646729 0.972420 
0.000000 0.000000 0.000000 
692.107910 971.804749 0.849950 
689.179321 965.846497 0.746883 
644.987732 960.004883 0.840428 
606.787598 968.794800 0.826391 
597.928528 962.892090 0.839031 
574.457031 933.573608 0.866480 
 
695.147278 621.641968 0.985366 
668.647339 665.690735 0.863397 
656.909973 653.962341 0.838720 
668.450378 701.049316 0.895818 
709.855408 694.963379 0.929325 
674.519348 668.697815 0.847156 
692.216553 733.386780 0.873187 
733.388550 718.663574 0.810204 
659.794006 786.189148 0.811485 
647.936096 783.356995 0.851145 
648.043335 859.887817 0.944888 
580.314819 936.443420 0.855650 
671.447144 786.251465 0.872590 
668.680603 862.935974 0.887194 
651.052185 954.017517 0.883795 
692.013916 618.550293 0.901336 
695.208130 618.622009 0.464239 
668.552063 621.577209 0.948011 
0.000000 0.000000 0.000000 
692.077637 971.805603 0.834484 
689.223633 965.865295 0.751538 
645.075989 959.953064 0.823981 
603.916626 968.787415 0.826591 
595.042786 965.830444 0.804636 
571.546082 942.345337 0.828036 
 
695.154602 621.656616 0.991529 
668.659302 665.700378 0.884137 
656.847778 653.981262 0.841014 
668.558289 701.016968 0.913729 
709.843506 692.188171 0.917578 
674.613220 668.689575 0.843822 
692.081055 736.200256 0.874183 
733.336365 718.586731 0.817217 
653.912537 786.240784 0.804792 
645.124634 783.428223 0.838917 
647.916565 859.994507 0.878400 
577.526245 939.417786 0.840378 
668.600525 786.320374 0.847406 
671.457031 862.905457 0.875957 
651.024536 954.000916 0.881151 
692.018555 618.557617 0.905517 
695.227966 618.615295 0.520396 
668.534668 621.557922 0.940421 
0.000000 0.000000 0.000000 
692.050354 971.799377 0.831041 
689.184448 965.883423 0.747078 
645.023926 957.141174 0.818986 
603.845093 968.854248 0.817180 
594.971985 965.919800 0.767092 
571.524048 945.334473 0.797253 
 
695.037842 624.437073 1.000350 
668.635010 668.644897 0.917401 
653.876709 662.706421 0.855038 
668.716553 706.901184 0.916327 
709.830566 686.249084 0.869958 
677.520325 671.581726 0.828428 
694.986389 736.251953 0.917473 
733.332214 715.597595 0.816106 
656.845703 786.398865 0.852440 
644.996033 786.288025 0.874233 
639.205078 862.877319 0.862528 
577.247803 951.014648 0.927317 
671.532410 786.475037 0.904457 
689.229370 860.063171 0.925859 
656.853760 951.242310 0.873212 
689.241943 621.416870 0.922472 
695.128235 621.529785 0.483148 
668.475403 624.367615 0.917362 
0.000000 0.000000 0.000000 
692.119507 971.790649 0.852048 
691.985779 965.873291 0.767590 
645.116333 957.046143 0.861930 
601.059265 971.789856 0.909081 
594.926575 971.820923 0.833606 
565.574951 951.225525 0.861691 
 
695.080261 624.505188 0.998501 
668.738037 668.714905 0.930233 
653.914307 665.584412 0.868663 
671.650391 706.880859 0.909353 
715.547668 680.405823 0.869286 
686.231262 674.461060 0.811643 
695.159973 736.247192 0.919010 
733.338318 712.659790 0.778550 
656.857422 786.412415 0.852289 
644.988892 786.306091 0.879058 
636.217957 862.889221 0.861885 
574.488403 951.148926 0.952542 
671.547363 789.174072 0.896242 
692.135620 862.920349 0.960264 
656.900940 951.221436 0.873448 
689.238403 621.495911 0.939670 
695.148193 621.549683 0.669982 
668.467407 624.496399 0.923679 
0.000000 0.000000 0.000000 
692.080872 971.792175 0.846143 
689.247253 965.897583 0.764870 
645.142090 957.006958 0.878297 
600.991821 971.757507 0.882081 
592.129700 974.562744 0.808661 
562.608154 954.064941 0.858168 
 
695.098816 624.601685 0.979981 
671.459045 671.541992 0.931361 
653.932495 668.457092 0.892911 
677.410767 706.930908 0.845062 
715.689880 677.495850 0.870870 
686.301575 677.467102 0.786109 
697.994995 736.196899 0.880897 
733.411926 706.843384 0.744449 
653.902771 789.242432 0.867208 
642.119202 786.463440 0.877587 
630.401794 865.778259 0.856197 
574.508362 951.199219 0.958846 
671.494141 789.327637 0.902135 
692.284668 862.865234 0.965438 
659.841492 951.130615 0.872782 
689.223083 621.585022 0.939613 
695.167664 621.652405 0.686393 
668.441406 624.640686 0.899875 
0.000000 0.000000 0.000000 
692.113220 971.763733 0.845823 
692.002686 965.858154 0.770551 
645.194946 954.177124 0.885587 
601.035706 971.721985 0.860572 
595.026123 974.561584 0.823564 
559.782043 954.139526 0.874558 
 
695.232239 627.371338 0.938628 
671.438782 671.515259 0.909825 
656.827148 665.707703 0.879398 
689.225586 712.677979 0.867073 
718.599365 674.565796 0.865481 
680.373108 674.545166 0.780423 
700.956787 733.383545 0.832635 
736.270874 701.041199 0.758150 
656.803894 789.286499 0.852580 
642.168884 789.216492 0.878283 
624.575378 871.706116 0.866447 
574.534180 951.269226 0.960991 
671.579468 789.357056 0.884513 
700.968628 860.065308 0.885478 
665.667053 948.117310 0.870378 
692.058167 621.644104 0.959675 
698.044312 624.380371 0.544664 
668.557983 627.380432 0.923368 
0.000000 0.000000 0.000000 
692.192139 971.671021 0.834780 
692.071045 962.913208 0.787165 
648.044189 951.106079 0.865399 
601.048523 971.690063 0.869762 
595.050415 974.554260 0.855060 
562.640930 954.233398 0.874311 
 
701.005188 627.437805 0.890243 
671.454224 668.734680 0.918565 
659.740356 665.730957 0.869985 
695.089661 715.770020 0.932950 
718.813599 680.347229 0.784796 
677.497620 671.632568 0.799680 
701.062744 730.456909 0.759420 
736.281067 695.272156 0.794507 
653.944092 789.406860 0.841082 
642.149841 789.399963 0.851951 
624.462036 871.742920 0.876129 
574.463318 953.981812 0.960429 
671.536133 789.392578 0.884048 
706.898315 856.927612 0.902326 
671.492310 936.473083 0.901377 
695.074280 621.649475 0.966748 
703.966919 624.438599 0.298934 
671.599609 624.592896 0.942843 
0.000000 0.000000 0.000000 
695.059082 971.697327 0.859010 
695.086243 960.053833 0.815567 
656.874573 945.270142 0.794916 
600.999268 971.678284 0.859138 
594.975769 974.583130 0.846308 
559.732910 957.001770 0.857705 
 
712.687134 624.593140 0.925220 
674.503540 668.652527 0.903470 
665.569824 665.691467 0.884890 
695.264465 718.553589 0.899754 
727.520935 689.225281 0.700420 
692.094849 671.554016 0.843416 
709.767822 730.471558 0.738951 
739.191589 695.115601 0.804057 
659.736755 789.403137 0.835791 
642.143005 789.408691 0.846657 
624.511719 871.653748 0.859517 
574.508545 951.267944 0.963802 
674.458557 789.375183 0.865672 
709.822083 854.010925 0.882770 
674.465088 936.521118 0.869983 
698.047546 621.541809 0.958995 
712.725037 621.587891 0.362923 
674.557556 624.525085 0.920451 
0.000000 0.000000 0.000000 
701.066528 968.768311 0.756924 
703.915039 957.127136 0.736745 
665.600464 948.208557 0.814182 
601.030945 971.678833 0.868795 
594.956360 974.570190 0.840692 
562.608704 954.207397 0.856985 
 
715.579712 627.375916 0.917853 
680.345276 668.528564 0.859776 
668.576782 659.765991 0.906022 
689.216309 709.754395 0.869129 
718.701477 674.453369 0.923202 
692.261536 671.587891 0.820518 
703.964294 730.472351 0.806939 
739.134827 698.149231 0.785833 
662.661560 786.329590 0.853206 
645.028870 786.276550 0.873289 
627.388672 868.804260 0.842750 
577.257080 951.165344 0.950622 
674.475769 786.342102 0.871607 
709.752014 854.032837 0.879272 
683.283936 945.217407 0.829491 
706.916260 621.533569 0.909503 
715.755493 624.507080 0.353358 
686.270630 621.620544 0.894468 
0.000000 0.000000 0.000000 
715.672791 968.792419 0.864656 
715.653076 957.109253 0.839163 
668.702576 951.121704 0.870257 
603.823364 971.782043 0.895518 
592.118591 974.600464 0.848196 
565.590393 954.024719 0.867138 
 
718.665894 624.537659 0.961431 
689.099548 665.700378 0.836318 
671.546509 653.945007 0.919410 
686.327942 703.972534 0.855384 
718.818542 677.445679 0.878550 
695.073303 671.442444 0.855012 
698.113098 730.455688 0.825662 
739.159790 706.828369 0.786075 
662.781982 780.396057 0.818996 
645.127075 777.470398 0.835436 
642.144714 860.030273 0.893013 
580.392212 945.274475 0.841015 
674.590515 780.457825 0.823277 
703.972229 853.964478 0.869815 
692.016235 945.285034 0.895868 
715.663452 621.366699 0.927099 
721.575623 621.663696 0.186708 
692.128174 621.443604 0.947877 
0.000000 0.000000 0.000000 
721.650208 965.852966 0.819201 
721.556458 954.261597 0.828004 
674.463867 953.982849 0.876440 
603.867126 971.828369 0.915660 
592.136841 971.729614 0.853336 
574.402771 948.179810 0.864394 
 
727.431580 624.473022 0.907864 
692.115173 665.589783 0.848417 
677.457825 651.006714 0.880589 
683.338379 700.973511 0.855619 
724.519836 689.114380 0.886510 
695.215515 668.688782 0.834142 
703.960449 733.335266 0.786517 
742.100098 712.745300 0.779365 
662.700195 777.501404 0.811943 
645.130798 774.589294 0.837729 
648.086548 859.949097 0.944113 
592.065735 930.707642 0.877377 
674.455811 777.547119 0.829223 
701.048584 854.023315 0.881593 
692.296570 948.221680 0.942373 
718.772400 618.622559 0.918582 
721.702576 621.553040 0.050351 
695.253662 621.420654 0.944757 
0.000000 0.000000 0.000000 
733.387451 965.847107 0.801079 
733.309326 957.000854 0.794649 
683.271729 954.186218 0.860903 
603.900269 971.775024 0.931247 
594.960754 965.896057 0.872702 
577.395752 933.464172 0.871810 
 
736.313782 624.462463 0.945038 
695.171021 665.617188 0.860006 
689.217651 653.887146 0.905513 
683.351257 701.008667 0.832080 
730.398315 692.266785 0.914087 
709.769897 668.715820 0.791219 
715.731262 730.391663 0.712663 
745.119324 718.556030 0.673272 
665.587036 771.660156 0.823835 
647.903931 768.802063 0.852516 
665.719666 856.914734 0.932979 
600.848206 930.518494 0.970380 
674.560547 774.532837 0.816811 
700.959351 854.002502 0.895190 
695.009216 951.001282 0.948362 
724.536194 621.363037 0.896908 
736.285278 621.409241 0.216396 
700.999939 621.530090 0.926804 
0.000000 0.000000 0.000000 
730.462769 968.753357 0.796030 
730.445190 957.091553 0.770228 
683.294373 954.196655 0.855504 
615.614807 971.746948 0.867628 
600.799561 960.079041 0.910067 
589.126526 930.537720 0.864911 
 
739.291077 624.640259 0.968165 
700.964233 668.635437 0.875910 
692.161499 662.695862 0.919529 
683.330383 712.791199 0.862871 
724.591553 706.898865 0.851223 
715.602234 671.705505 0.852876 
727.469727 736.355530 0.680388 
753.937317 721.633911 0.669519 
668.461304 780.471252 0.855647 
648.095520 777.497864 0.838569 
671.649292 856.950317 0.957214 
609.709229 927.636047 0.892652 
677.417480 783.333557 0.830887 
698.099792 856.992065 0.906488 
692.218384 953.978638 0.955332 
733.313477 621.578735 0.914224 
739.340942 621.656555 0.631765 
709.820068 624.543091 0.899243 
0.000000 0.000000 0.000000 
727.443542 971.741455 0.792095 
724.528809 962.917725 0.728358 
677.433960 960.040100 0.834871 
624.590637 968.819824 0.874605 
612.718079 959.989807 0.824443 
598.014404 927.621582 0.898089 
 
742.308777 639.140564 0.908690 
709.865601 671.701477 0.866730 
695.060547 668.489624 0.976716 
677.465820 715.808289 0.912513 
727.529602 718.541748 0.900108 
718.676208 686.226562 0.876907 
724.566895 745.188965 0.740442 
748.059570 739.325378 0.723221 
668.615479 780.494202 0.883946 
650.917725 777.500061 0.827023 
686.290771 857.057129 0.941711 
621.603210 927.752563 0.956100 
683.337158 783.431396 0.832882 
703.952759 859.900574 0.898497 
692.070618 954.103210 0.956072 
739.228516 624.611084 0.943921 
745.116089 627.469055 0.403044 
715.683167 630.325500 0.904490 
0.000000 0.000000 0.000000 
721.658203 974.643555 0.833525 
721.547974 968.813538 0.747982 
671.734253 962.907471 0.862204 
644.959473 968.776001 0.818040 
624.552979 959.980103 0.852618 
606.828735 930.483582 0.861979 
 
748.126648 647.886597 0.933257 
712.772827 683.341064 0.843504 
698.018372 674.450562 0.914576 
674.593140 721.684875 0.884247 
724.604736 733.389832 0.859647 
718.642700 689.271667 0.871709 
718.752991 756.898438 0.739294 
745.125427 750.990723 0.680394 
668.504517 783.328369 0.862067 
650.973022 780.496094 0.823744 
694.989990 856.880798 0.938479 
630.379456 930.696533 0.875142 
674.556152 783.389221 0.841592 
715.545959 859.956909 0.933945 
692.126343 953.977905 0.954208 
742.244568 642.064941 0.922896 
751.043396 644.974304 0.095373 
718.701050 644.932678 0.950021 
0.000000 0.000000 0.000000 
721.557068 974.631165 0.814111 
718.758301 968.780151 0.755446 
677.508362 957.051086 0.769500 
659.795532 968.757446 0.801391 
645.093811 962.897400 0.827993 
621.442261 936.418945 0.831351 
 
756.856323 648.058289 0.925508 
715.693176 689.175537 0.884269 
701.005249 680.365662 0.846965 
674.485229 733.395874 0.889099 
724.594482 742.066345 0.877670 
721.580322 692.165100 0.851886 
709.858704 745.128662 0.376851 
739.200256 756.924133 0.510675 
668.627380 786.243042 0.909880 
653.874695 786.237366 0.860259 
706.865356 856.983093 0.914364 
645.197327 930.679565 0.942250 
677.512756 786.255249 0.836954 
721.713928 859.932129 0.893789 
692.201416 951.227417 0.975047 
745.109375 644.983215 0.944811 
756.972168 645.084229 0.160573 
721.595276 645.163574 0.949035 
0.000000 0.000000 0.000000 
718.772766 974.640625 0.823489 
718.621155 971.674805 0.750616 
683.276367 954.130798 0.840762 
668.604309 957.148499 0.699734 
651.026794 954.215149 0.707754 
636.255432 936.458435 0.802083 
 
756.969971 653.960632 0.872990 
718.551147 692.179199 0.897660 
706.906128 689.204407 0.871864 
677.408630 739.098938 0.895929 
724.490845 748.153442 0.836956 
727.497925 695.169495 0.802863 
706.877380 742.291626 0.237677 
724.535645 762.781189 0.270599 
671.456543 786.371277 0.923509 
656.816345 786.341370 0.872619 
712.680664 857.070679 0.946761 
647.923218 948.226074 0.904305 
683.380981 786.409363 0.835709 
730.376221 862.981995 0.836402 
692.293640 951.246216 0.963035 
745.150391 648.017395 0.943178 
759.799133 648.019226 0.328483 
721.675049 650.969666 0.894425 
0.000000 0.000000 0.000000 
718.686340 974.642212 0.804047 
718.604492 968.865051 0.716937 
686.295898 954.096497 0.756418 
680.358337 971.704163 0.696944 
668.531006 968.864319 0.687452 
639.121704 951.247192 0.842090 
 
759.812866 662.716553 0.896009 
718.588623 695.146545 0.907254 
706.918579 692.207886 0.923049 
680.441833 742.102295 0.907620 
727.534180 748.160889 0.828209 
733.336609 698.174683 0.789390 
715.628906 751.078064 0.287477 
736.340942 765.844788 0.353305 
671.544739 789.171753 0.915345 
659.820862 786.441467 0.867610 
712.793152 859.838440 0.962713 
650.992493 951.046631 0.891780 
686.276367 789.243652 0.838372 
736.219177 865.800171 0.856390 
695.056091 951.292297 0.947527 
745.237000 650.914062 0.912100 
762.657227 651.034058 0.379290 
724.538086 653.936890 0.859080 
0.000000 0.000000 0.000000 
718.708374 974.803711 0.825440 
718.726624 971.766968 0.763687 
689.161377 954.114929 0.698921 
689.156860 974.739563 0.791232 
671.549927 974.648926 0.783663 
644.977478 953.997620 0.913093 
 
756.932739 662.713928 0.878544 
718.543823 695.241089 0.892221 
706.875732 692.252502 0.909174 
689.236877 742.215332 0.942682 
736.315735 742.154175 0.919154 
730.432922 703.900146 0.778534 
721.640320 765.788635 0.623140 
753.994995 768.744751 0.645581 
674.521973 792.344360 0.845799 
665.649231 792.258362 0.851492 
712.822876 862.904541 0.913808 
650.945129 951.133545 0.918875 
692.150940 795.205017 0.839779 
739.147827 874.595398 0.898143 
694.975403 954.005127 0.959897 
745.113708 650.916443 0.926811 
759.808533 651.044128 0.341315 
721.634460 656.803162 0.867686 
0.000000 0.000000 0.000000 
718.625732 974.770325 0.845379 
718.572998 971.764343 0.786424 
689.112976 954.161133 0.731352 
680.450439 974.838501 0.741736 
668.635681 974.739502 0.751653 
644.954956 954.022766 0.903275 
 
748.123291 656.859985 0.858770 
715.842468 698.113342 0.896614 
700.999023 692.263977 0.911070 
695.238464 742.120605 0.962735 
742.335938 730.452637 0.863225 
733.307251 712.652649 0.800039 
736.226196 771.662415 0.806718 
765.666565 751.055298 0.770315 
683.289062 806.864502 0.816242 
668.630798 803.953491 0.857650 
715.737183 877.555969 0.907325 
648.112366 953.994995 0.929212 
695.128723 806.949646 0.851568 
742.192627 877.537354 0.923579 
692.233154 954.089233 0.940487 
742.121704 648.144836 0.957357 
748.162048 650.929199 0.461495 
718.616516 656.865723 0.895461 
0.000000 0.000000 0.000000 
718.799561 974.750183 0.882484 
718.600098 971.696960 0.789601 
686.279236 957.037292 0.647469 
686.331909 977.698486 0.716699 
671.542725 977.611633 0.716337 
639.176514 954.254150 0.846238 
 
742.213867 662.676636 0.921657 
715.716797 698.118896 0.901267 
695.181396 692.257507 0.975226 
709.861938 736.360046 0.894053 
745.161499 715.707153 0.932414 
733.327820 712.662537 0.786868 
748.054993 762.906860 0.914816 
771.629822 736.343140 0.761746 
689.184143 809.834595 0.876932 
671.500610 807.007385 0.894268 
715.756592 880.592346 0.959867 
648.062317 954.115356 0.922948 
698.158203 809.915039 0.858737 
742.271912 880.575439 0.945766 
692.201294 954.126770 0.919066 
739.105652 650.943298 0.912313 
742.314209 651.056763 0.654202 
715.679260 659.763245 0.880400 
0.000000 0.000000 0.000000 
721.578735 977.536072 0.866452 
718.663879 971.802551 0.797221 
686.243530 957.043335 0.664540 
686.217041 977.719543 0.698649 
668.690613 977.612122 0.694047 
636.221924 957.115845 0.820585 
 
739.208374 659.744629 0.887441 
715.632996 695.125671 0.936064 
695.071289 692.257935 0.969504 
727.485901 721.680908 0.811135 
748.157654 689.203735 0.757697 
727.505371 698.161133 0.801319 
765.777161 751.055725 0.878849 
783.389587 715.573303 0.828399 
692.189270 812.712463 0.911205 
674.555664 810.010437 0.876190 
718.787415 883.457031 0.912667 
650.925842 954.102173 0.882494 
703.991272 812.736816 0.841710 
745.238953 883.449097 0.906612 
692.204834 954.030212 0.910057 
730.364807 648.160950 0.878833 
739.400085 650.926636 0.806768 
709.841003 656.817566 0.823988 
0.000000 0.000000 0.000000 
721.593689 974.720520 0.893020 
718.648010 968.833313 0.821925 
686.246094 954.218933 0.643932 
686.308533 977.727844 0.661463 
671.515747 977.626709 0.637009 
639.173401 957.059143 0.792738 
 
736.200867 653.939636 0.875477 
712.792358 692.242310 0.911612 
695.157532 692.097534 0.946801 
745.193726 709.838135 0.729002 
756.930847 668.637390 0.636818 
718.793091 695.103760 0.858264 
777.465027 733.420715 0.793481 
786.180786 680.440125 0.766132 
695.014465 812.700745 0.931955 
680.443481 812.727295 0.875375 
727.473450 883.485779 0.885834 
650.955688 953.985352 0.892234 
706.907166 810.025635 0.852556 
748.150208 883.381409 0.881724 
692.256165 953.988525 0.914331 
721.586670 648.081482 0.925942 
739.123535 648.114075 0.785416 
701.003906 653.955933 0.848539 
0.000000 0.000000 0.000000 
721.582153 974.685852 0.894580 
718.683533 968.790649 0.817294 
689.149231 954.184631 0.618036 
689.252869 977.821533 0.769576 
671.609253 977.735168 0.729266 
639.173218 954.199036 0.822072 
 
730.447693 647.946289 0.887568 
712.721558 692.014709 0.877449 
692.252808 683.371582 0.885651 
739.360535 689.159851 0.873129 
742.338196 642.173584 0.791533 
724.490234 695.003479 0.810753 
783.313904 706.874756 0.834713 
774.595581 653.881531 0.779863 
695.230530 809.955688 0.903120 
689.143799 812.713318 0.887217 
730.366516 883.417297 0.899666 
651.006409 951.297729 0.886573 
712.813660 809.919983 0.857130 
748.122437 883.416138 0.865319 
692.286133 954.062622 0.914558 
718.826660 644.978699 0.903731 
739.115601 645.126160 0.463293 
701.001709 648.106445 0.874910 
0.000000 0.000000 0.000000 
721.631042 974.759766 0.887059 
718.708923 971.670471 0.821545 
689.188232 954.266235 0.618810 
689.283813 977.815918 0.739959 
671.645630 977.695129 0.685333 
639.203979 954.169678 0.821366 
 
739.327576 645.145325 0.489632 
712.726257 680.346313 0.824936 
692.208069 671.697021 0.920663 
739.350159 659.837708 0.870671 
739.220337 618.624756 0.836103 
727.522278 689.153564 0.759562 
786.192200 677.512817 0.872668 
765.828369 627.364868 0.824259 
701.048950 795.174805 0.804152 
692.121033 795.248474 0.842928 
730.400269 880.371826 0.868548 
648.184448 951.255737 0.918292 
718.546143 792.333618 0.840907 
748.094788 880.375061 0.847941 
695.074280 954.064880 0.931965 
733.392883 636.215576 0.497840 
0.000000 0.000000 0.000000 
709.795959 636.275208 0.786300 
0.000000 0.000000 0.000000 
721.724426 974.684509 0.847430 
718.790161 968.846313 0.764148 
689.227295 957.030396 0.664669 
689.213562 977.680298 0.752110 
671.651550 977.594116 0.711206 
639.151978 954.190979 0.847982 
 
715.769165 621.396484 0.880923 
715.644836 665.657898 0.902359 
695.064148 659.734802 0.873055 
742.225159 642.191345 0.884151 
733.350525 600.932617 0.738557 
730.439758 668.585510 0.813926 
786.255066 651.042725 0.915678 
762.889221 601.065613 0.844161 
709.800964 786.256348 0.845264 
692.279175 786.232971 0.876128 
718.672791 862.928101 0.900927 
650.951294 951.207031 0.901662 
718.754456 786.244751 0.865012 
742.186890 865.810425 0.874109 
692.273132 951.170654 0.936785 
709.762024 615.654297 0.795516 
718.736572 612.734009 0.807203 
695.168884 624.517517 0.774171 
742.156677 618.635803 0.237209 
724.580383 974.702759 0.879184 
721.537842 968.851624 0.790531 
689.091492 954.090454 0.669524 
692.024902 977.562500 0.667917 
671.647583 974.797852 0.604914 
642.092102 954.163513 0.855229 
 
718.654480 609.710693 0.748584 
715.578064 653.973389 0.866189 
695.102356 650.908142 0.911438 
742.265442 624.530334 0.880937 
736.253906 589.106873 0.753213 
727.477966 662.727966 0.808823 
783.359070 645.017273 0.918555 
762.647156 594.934937 0.809833 
712.811584 774.616699 0.817016 
695.232117 774.624329 0.802695 
715.827454 856.978271 0.911541 
651.045532 951.039062 0.865021 
721.566345 774.566162 0.814961 
739.176208 859.845520 0.878700 
695.059998 951.138428 0.926770 
715.594238 603.938538 0.762606 
718.725891 601.084656 0.502526 
698.108582 618.507141 0.821888 
739.197327 600.831055 0.051356 
727.508240 974.660889 0.800673 
721.650635 968.788147 0.721001 
689.155151 954.042603 0.714962 
689.238953 974.697021 0.583217 
671.572815 974.585205 0.523886 
645.024109 953.983582 0.864102 
 
721.690308 589.171753 0.827065 
715.776306 636.240295 0.901156 
695.211426 630.331604 0.867073 
742.237122 597.991516 0.815254 
742.326599 553.849854 0.679017 
736.226685 642.032898 0.825719 
774.629639 601.072632 0.892765 
765.858643 550.806641 0.854607 
715.848999 750.999512 0.840178 
706.844910 748.152954 0.759974 
701.003662 836.525024 0.865384 
665.717346 933.525696 0.892788 
727.507324 751.006226 0.773300 
721.567139 839.373474 0.862676 
712.776306 939.423767 0.833307 
715.730408 580.411438 0.870301 
733.321838 580.346802 0.824666 
695.233582 595.070862 0.870430 
742.333923 589.089233 0.134585 
724.520264 974.790222 0.821772 
736.250732 971.671997 0.804741 
701.018433 948.214417 0.642617 
695.001404 974.728149 0.837348 
674.472656 971.834656 0.783079 
650.958496 942.350586 0.787322 
 
721.580811 574.479492 0.900271 
715.838257 618.596252 0.929685 
698.021240 618.634094 0.868421 
742.288635 580.283325 0.776918 
762.815674 527.249756 0.721143 
736.300842 618.601135 0.846065 
771.619141 577.474792 0.918713 
774.592163 527.304504 0.821212 
715.807129 733.420044 0.855696 
706.876526 736.214294 0.782064 
698.162659 827.547058 0.840690 
668.744995 924.735046 0.941971 
724.577759 733.401184 0.784255 
718.765320 830.479553 0.885625 
712.703186 921.761414 0.841129 
715.592346 574.339294 0.891381 
727.475952 571.374634 0.788940 
695.253906 583.261230 0.837263 
742.238159 568.538147 0.163924 
721.639404 957.031006 0.619200 
733.364136 951.234802 0.619430 
703.890076 927.604187 0.648641 
695.242310 957.089844 0.801998 
677.488342 954.253845 0.764614 
662.680969 930.470642 0.839163 
 
727.498657 568.533997 0.797064 
718.535828 609.744019 0.885241 
698.148682 612.709595 0.846669 
745.139404 574.299255 0.770354 
765.769409 509.769867 0.742716 
736.263977 606.875549 0.804113 
768.675049 571.521179 0.920668 
777.478821 524.387390 0.845189 
718.520630 724.542603 0.841436 
706.920288 724.521545 0.771991 
706.859192 815.872009 0.835416 
671.540222 918.821045 0.897806 
727.463623 724.548523 0.773523 
721.553223 821.620361 0.842839 
712.783142 910.051575 0.863614 
718.648499 562.663635 0.868759 
736.240784 556.894897 0.617231 
700.954529 574.527039 0.878398 
0.000000 0.000000 0.000000 
727.527222 948.152344 0.665250 
736.239746 936.424683 0.641911 
701.040222 921.739685 0.615317 
698.073486 951.271790 0.815353 
683.340881 951.236511 0.764277 
665.676086 927.545593 0.848984 
 
733.345947 556.733948 0.752617 
715.829834 600.878296 0.913503 
700.955444 603.860840 0.849986 
745.150635 562.673645 0.753700 
765.912354 506.667145 0.787792 
733.338196 598.017517 0.814838 
765.742065 556.823792 0.908792 
783.348450 512.641663 0.839056 
715.808716 718.708801 0.871473 
706.872375 718.737122 0.799479 
709.765808 812.783752 0.869181 
671.723877 907.118347 0.917599 
724.605286 718.690369 0.805075 
721.623718 812.927185 0.879931 
712.814880 907.175293 0.865108 
721.552856 553.918701 0.867528 
736.358276 553.786804 0.241175 
706.873474 571.400574 0.854781 
0.000000 0.000000 0.000000 
727.466370 939.415161 0.638571 
736.260498 930.626526 0.653235 
701.052612 918.769409 0.547944 
698.086121 945.271057 0.732398 
686.223206 942.338867 0.687283 
668.566711 915.855042 0.805007 
 
730.451660 550.783325 0.674218 
718.603638 592.109131 0.868021 
709.791687 597.852051 0.821545 
742.283142 533.194397 0.625572 
768.700989 483.245087 0.781679 
730.434326 586.157043 0.769277 
765.822449 550.776184 0.877174 
786.415649 503.765869 0.826913 
715.765747 706.847839 0.795381 
712.708496 709.753540 0.762887 
712.811829 806.902893 0.876978 
677.398071 904.145935 0.868571 
718.802124 703.937195 0.770404 
721.645020 809.774780 0.841371 
712.725037 904.161011 0.848098 
718.730469 548.003418 0.765656 
739.304443 547.863525 0.113581 
712.696167 556.825562 0.783795 
0.000000 0.000000 0.000000 
736.218872 930.464722 0.644097 
736.361511 924.678589 0.641756 
700.953796 909.997498 0.476096 
712.737488 933.553711 0.666745 
692.259338 933.463989 0.650945 
668.710632 909.923828 0.761792 
 
727.469727 545.037659 0.673578 
718.610596 586.182861 0.849319 
712.677917 592.091064 0.816774 
745.079834 530.262024 0.633278 
765.898499 483.209198 0.855269 
730.373596 580.287903 0.792354 
765.816956 547.883057 0.877380 
786.426147 500.797699 0.851024 
715.756958 703.894836 0.773605 
715.614258 706.838928 0.780920 
715.660950 801.112610 0.866188 
674.602234 904.007568 0.859071 
718.628845 700.999329 0.735832 
721.602478 806.890686 0.806277 
709.812500 904.039734 0.787161 
718.603455 544.978943 0.764088 
0.000000 0.000000 0.000000 
709.794800 553.859070 0.830202 
0.000000 0.000000 0.000000 
739.168457 927.579041 0.576284 
739.125244 918.799683 0.548481 
695.221558 909.911133 0.380549 
715.646484 933.475159 0.578146 
695.174744 930.660339 0.563286 
668.551880 907.017517 0.750131 
 
Last frame read and added to queue. Closing program after it is processed.
739.300659 539.151855 0.716205 
718.734924 577.456238 0.882201 
712.683533 580.341553 0.848103 
742.170715 536.126404 0.803027 
768.719482 483.075012 0.850463 
736.291260 577.343872 0.841235 
774.622375 539.163269 0.806980 
786.383240 494.990051 0.781447 
715.688049 698.070496 0.792291 
715.664307 698.156860 0.791357 
718.610535 789.430237 0.901397 
689.112976 901.085083 0.804699 
715.773743 698.003784 0.738964 
718.700195 789.411560 0.820105 
695.146545 895.253906 0.736849 
730.442810 533.311096 0.759390 
0.000000 0.000000 0.000000 
715.571045 550.720703 0.894258 
0.000000 0.000000 0.000000 
739.225952 924.598938 0.436131 
736.296387 909.973694 0.406584 
677.510132 901.151367 0.252179 
721.606079 930.575012 0.627374 
709.785645 930.578796 0.590832 
671.503784 906.924988 0.672130 
 
739.351868 539.085205 0.728868 
718.765991 577.465576 0.886948 
712.682068 580.335022 0.854564 
742.135193 536.178894 0.811985 
771.619446 483.124573 0.782039 
736.347229 577.380249 0.849892 
777.480042 542.103088 0.820962 
786.370483 494.942719 0.777009 
715.758301 695.190674 0.791977 
715.687683 697.993042 0.801642 
718.567139 789.443726 0.890823 
692.044556 901.035522 0.805904 
718.596252 695.139099 0.735331 
718.775696 792.185608 0.771177 
698.061279 892.261353 0.710675 
733.354797 533.256287 0.773345 
0.000000 0.000000 0.000000 
715.602234 548.005615 0.896197 
0.000000 0.000000 0.000000 
739.326172 909.993713 0.378758 
736.301697 904.086121 0.374401 
683.380371 901.065979 0.243171 
724.530518 924.654175 0.529425 
712.819397 927.527893 0.517046 
674.468201 906.938110 0.625735 
 
OpenPose demo successfully finished. Total time: 38.591639 seconds.
