Starting OpenPose demo...
Configuring OpenPose...
Starting thread(s)...
Auto-detecting all available GPUs... Detected 1 GPU(s), using 1 of them starting at GPU 0.
767.138733 551.906738 0.914633 
817.122498 595.920532 0.817916 
811.343689 595.960266 0.779648 
834.872864 654.985046 0.380337 
787.627686 690.406860 0.203455 
828.871033 593.117004 0.852772 
840.742126 657.963684 0.868027 
787.522339 684.409485 0.886621 
867.188110 711.019592 0.761048 
861.297058 713.853149 0.783241 
855.493530 817.198608 0.844558 
935.102234 881.980164 0.901346 
878.929993 710.976135 0.785119 
840.710571 808.313171 0.880391 
840.654968 917.306030 0.844411 
0.000000 0.000000 0.000000 
775.862427 545.823486 0.814211 
0.000000 0.000000 0.000000 
802.404297 548.822021 0.883513 
790.707336 931.976196 0.775585 
811.093201 935.004639 0.803328 
855.432556 929.226929 0.854664 
934.987976 929.040100 0.826734 
931.970703 923.294678 0.832337 
952.805725 879.059875 0.815704 
 
767.139099 551.909607 0.914389 
817.122803 595.923767 0.817173 
811.346008 595.964844 0.778525 
834.880920 654.983398 0.377187 
787.654053 690.382263 0.195681 
828.867371 595.891602 0.851901 
840.748962 657.951233 0.867493 
787.528748 684.419556 0.886790 
864.413574 711.023254 0.761085 
861.293518 713.858948 0.784691 
855.490112 817.196899 0.844505 
935.099548 881.981140 0.902490 
878.932190 710.975952 0.785095 
840.712708 808.316772 0.879856 
840.652039 917.307922 0.844267 
0.000000 0.000000 0.000000 
775.863159 545.823914 0.813985 
0.000000 0.000000 0.000000 
802.403503 548.823059 0.883561 
790.711914 931.974487 0.774280 
811.093994 935.000732 0.803015 
855.429871 929.231445 0.853237 
934.989624 929.036743 0.827730 
931.970886 923.291809 0.833686 
952.801392 879.063049 0.815854 
 
766.930725 554.725342 0.905919 
814.202026 595.989685 0.815399 
811.217163 596.060425 0.726782 
831.867615 655.027283 0.302075 
770.032837 696.338501 0.243152 
820.040039 593.114014 0.860753 
837.935547 660.866760 0.882412 
784.626099 690.227783 0.870935 
864.288208 716.739929 0.774309 
861.229736 716.765259 0.770932 
849.510620 817.182800 0.823666 
929.012268 876.076233 0.840057 
873.111816 713.988098 0.793146 
837.660522 808.304077 0.918357 
840.728638 914.364502 0.836581 
0.000000 0.000000 0.000000 
770.034363 548.768372 0.848236 
0.000000 0.000000 0.000000 
796.503296 548.894226 0.896628 
790.668457 931.993408 0.782004 
811.101196 935.027039 0.801777 
858.238403 929.153198 0.826380 
929.191467 929.035583 0.796173 
926.136902 920.351379 0.739816 
940.924011 867.221375 0.758093 
 
766.930725 554.725342 0.905919 
814.202026 595.989685 0.815399 
811.217163 596.060425 0.726782 
831.867615 655.027283 0.302075 
770.032837 696.338501 0.243152 
820.040039 593.114014 0.860753 
837.935547 660.866760 0.882412 
784.626099 690.227783 0.870935 
864.288208 716.739929 0.774309 
861.229736 716.765259 0.770932 
849.510620 817.182800 0.823666 
929.012268 876.076233 0.840057 
873.111816 713.988098 0.793146 
837.660522 808.304077 0.918357 
840.728638 914.364502 0.836581 
0.000000 0.000000 0.000000 
770.034363 548.768372 0.848236 
0.000000 0.000000 0.000000 
796.503296 548.894226 0.896628 
790.668457 931.993408 0.782004 
811.101196 935.027039 0.801777 
858.238403 929.153198 0.826380 
929.191467 929.035583 0.796173 
926.136902 920.351379 0.739816 
940.924011 867.221375 0.758093 
 
758.138916 554.898315 0.846517 
808.174866 601.862244 0.827045 
790.667847 601.846558 0.754243 
820.050659 666.695679 0.241984 
772.953674 699.250854 0.157892 
814.284180 601.906799 0.939394 
837.862061 669.617065 0.951288 
781.771179 696.361633 0.879211 
858.291382 719.717590 0.843913 
840.742554 719.750305 0.789564 
811.096252 814.325500 0.852982 
899.690735 867.251282 0.805323 
864.324646 719.740295 0.854683 
817.078247 811.100403 0.901756 
840.689148 917.369934 0.791942 
0.000000 0.000000 0.000000 
764.004333 551.722534 0.909502 
0.000000 0.000000 0.000000 
787.586853 554.704041 0.966927 
790.683655 932.120483 0.760398 
811.113098 937.949463 0.766687 
855.497559 929.238342 0.775019 
884.918213 908.499634 0.673738 
884.983521 905.411560 0.574634 
914.484253 867.227051 0.771307 
 
758.142029 554.908203 0.843407 
808.174438 601.861389 0.827053 
790.666504 601.846497 0.754625 
820.040710 666.703369 0.245845 
772.961304 699.264587 0.158666 
814.284119 601.905945 0.939276 
837.862793 669.616455 0.950935 
781.775452 696.364197 0.879798 
858.288147 719.714355 0.843524 
840.738953 719.747131 0.789855 
811.101440 814.321716 0.854502 
899.704224 867.260803 0.803634 
864.320984 719.736694 0.854945 
817.075806 811.093994 0.900764 
840.689331 917.368225 0.792230 
0.000000 0.000000 0.000000 
764.005371 551.730652 0.909339 
0.000000 0.000000 0.000000 
787.588928 554.707092 0.966806 
790.683289 932.122192 0.759017 
811.111023 937.949829 0.765408 
855.498230 929.235107 0.774937 
884.937195 908.516541 0.675901 
885.001770 905.429810 0.578198 
917.327637 867.232117 0.770527 
 
746.428406 572.359985 0.808743 
799.391724 604.970459 0.789242 
787.621765 610.739868 0.760562 
814.105713 672.698120 0.229395 
769.945923 713.913025 0.197980 
814.098694 602.044189 0.926442 
837.906311 669.828064 0.973168 
781.779663 702.098816 0.860913 
843.676453 722.761292 0.789582 
834.705322 722.803223 0.783885 
787.655884 811.276306 0.932044 
879.018311 867.278320 0.800383 
861.252808 722.736267 0.852584 
811.354431 808.280029 0.903340 
837.902466 911.569092 0.810706 
0.000000 0.000000 0.000000 
758.099304 554.845947 0.823205 
0.000000 0.000000 0.000000 
784.622498 557.729675 0.895092 
793.515503 932.068359 0.750632 
811.222656 935.125732 0.729432 
858.286987 929.135925 0.707614 
864.295715 905.564941 0.488711 
867.214111 899.609314 0.371845 
893.788147 864.348877 0.782650 
 
746.428406 572.359985 0.808743 
799.391724 604.970459 0.789242 
787.621765 610.739868 0.760562 
814.105713 672.698120 0.229395 
769.945923 713.913025 0.197980 
814.098694 602.044189 0.926442 
837.906311 669.828064 0.973168 
781.779663 702.098816 0.860913 
843.676453 722.761292 0.789582 
834.705322 722.803223 0.783885 
787.655884 811.276306 0.932044 
879.018311 867.278320 0.800383 
861.252808 722.736267 0.852584 
811.354431 808.280029 0.903340 
837.902466 911.569092 0.810706 
0.000000 0.000000 0.000000 
758.099304 554.845947 0.823205 
0.000000 0.000000 0.000000 
784.622498 557.729675 0.895092 
793.515503 932.068359 0.750632 
811.222656 935.125732 0.729432 
858.286987 929.135925 0.707614 
864.295715 905.564941 0.488711 
867.214111 899.609314 0.371845 
893.788147 864.348877 0.782650 
 
743.504700 572.349731 0.883462 
796.450195 607.781250 0.787897 
787.625793 610.779785 0.752520 
811.318909 672.785217 0.312936 
769.984802 710.958862 0.251565 
811.205994 604.806641 0.919504 
837.835449 672.541321 0.992727 
781.786743 705.097290 0.854258 
837.911377 722.812622 0.825993 
828.853394 722.837585 0.770535 
784.643921 811.203674 0.895411 
864.283020 870.232544 0.799892 
858.392761 722.759277 0.840952 
811.319824 811.154663 0.937719 
843.606750 914.482727 0.779503 
0.000000 0.000000 0.000000 
749.391296 554.864441 0.857767 
0.000000 0.000000 0.000000 
781.753662 557.676453 0.888788 
796.543640 929.265808 0.771522 
814.115601 935.081543 0.726062 
858.495789 929.200195 0.760571 
855.439575 905.630554 0.370028 
852.503418 902.559631 0.287251 
884.871033 867.243408 0.705906 
 
743.506042 572.347046 0.883134 
796.459290 607.794006 0.788313 
787.629700 610.776550 0.756503 
811.322510 672.784729 0.322675 
770.000000 710.987732 0.254204 
811.217407 604.833862 0.919225 
837.830994 672.547363 0.991821 
781.770203 705.081360 0.853107 
837.916504 722.809875 0.825337 
828.859924 722.830811 0.771934 
784.628784 811.208862 0.891168 
864.269714 870.241638 0.801382 
858.397827 722.762268 0.840529 
811.317383 811.155273 0.936344 
843.606262 914.481995 0.780966 
0.000000 0.000000 0.000000 
752.206360 554.858643 0.857982 
0.000000 0.000000 0.000000 
781.758606 557.678833 0.889249 
796.541870 929.260254 0.771800 
814.114868 935.075806 0.727850 
858.493530 929.197510 0.764566 
855.423828 905.637756 0.367854 
852.481750 902.568481 0.285860 
884.852173 867.251587 0.707422 
 
740.603455 572.326050 0.882371 
790.461182 616.603577 0.870019 
770.047119 619.616272 0.794856 
796.493835 675.706543 0.356724 
749.327148 716.781067 0.375863 
808.183899 607.857300 0.842702 
834.702820 675.592896 0.944829 
767.035645 705.044678 0.878971 
834.868652 722.807129 0.842400 
817.084290 722.801025 0.785174 
766.994263 811.144409 0.921081 
817.203064 905.466614 0.788848 
855.340210 722.854126 0.801421 
790.675232 811.061401 0.880838 
837.892029 911.519409 0.818130 
0.000000 0.000000 0.000000 
746.440063 557.637878 0.856221 
0.000000 0.000000 0.000000 
770.054443 560.694397 0.850038 
805.291321 932.226379 0.679694 
817.081970 937.984863 0.675161 
858.279785 926.229004 0.801527 
787.651917 926.155945 0.666000 
787.689514 914.466980 0.608539 
834.788086 908.440613 0.333444 
 
740.603455 572.326050 0.882371 
790.461182 616.603577 0.870019 
770.047119 619.616272 0.794856 
796.493835 675.706543 0.356724 
749.327148 716.781067 0.375863 
808.183899 607.857300 0.842702 
834.702820 675.592896 0.944829 
767.035645 705.044678 0.878971 
834.868652 722.807129 0.842400 
817.084290 722.801025 0.785174 
766.994263 811.144409 0.921081 
817.203064 905.466614 0.788848 
855.340210 722.854126 0.801421 
790.675232 811.061401 0.880838 
837.892029 911.519409 0.818130 
0.000000 0.000000 0.000000 
746.440063 557.637878 0.856221 
0.000000 0.000000 0.000000 
770.054443 560.694397 0.850038 
805.291321 932.226379 0.679694 
817.081970 937.984863 0.675161 
858.279785 926.229004 0.801527 
787.651917 926.155945 0.666000 
787.689514 914.466980 0.608539 
834.788086 908.440613 0.333444 
 
740.535156 572.446045 0.905492 
787.595215 619.656555 0.901617 
767.029480 622.505432 0.839786 
790.656677 678.587402 0.293291 
746.357483 713.963928 0.216227 
802.406433 616.673706 0.836737 
825.984253 675.719971 0.871591 
763.917236 699.137085 0.909558 
828.945007 728.728638 0.791801 
811.194519 728.738403 0.800252 
764.065430 814.101440 0.949912 
799.405457 908.495056 0.872334 
843.705444 731.594849 0.776326 
790.578308 814.119568 0.941378 
840.801758 911.583069 0.833659 
0.000000 0.000000 0.000000 
746.351257 557.781982 0.854404 
0.000000 0.000000 0.000000 
769.982910 569.454102 0.869801 
828.931335 943.905334 0.646860 
843.626587 943.844299 0.655015 
858.278625 926.125793 0.767701 
767.097412 932.092896 0.741302 
767.030945 929.008789 0.734799 
811.264221 911.561279 0.785093 
 
740.536987 572.450928 0.905674 
787.595581 619.653870 0.901176 
767.025818 622.500366 0.839805 
790.646240 678.573792 0.282024 
746.341736 713.961975 0.210681 
802.415344 616.670288 0.837063 
825.980469 675.719666 0.871444 
763.920105 696.421753 0.912045 
828.940979 728.716431 0.792542 
811.188843 728.728760 0.800590 
764.066467 814.102478 0.950894 
799.398071 908.498108 0.873889 
843.706970 731.581238 0.775532 
790.576965 814.111084 0.942201 
840.799805 911.577942 0.835202 
0.000000 0.000000 0.000000 
746.351807 557.787781 0.853110 
0.000000 0.000000 0.000000 
769.981445 569.453918 0.869707 
831.778564 943.921143 0.653875 
843.656006 943.841614 0.659537 
858.272400 926.117432 0.768159 
767.092224 932.090759 0.743034 
767.023926 929.006897 0.737175 
811.259521 911.562439 0.788358 
 
740.534058 572.449280 0.904919 
787.489868 622.424744 0.886404 
766.971863 622.586792 0.848184 
784.630676 678.521240 0.339403 
731.650330 708.020386 0.317389 
799.425720 619.583801 0.855640 
814.057922 684.505127 0.898847 
740.472595 690.385925 0.898734 
817.165344 734.557068 0.818506 
802.431091 731.655579 0.775490 
746.454224 814.147522 0.896728 
802.377930 908.592834 0.869274 
837.718384 737.432861 0.840371 
787.540771 814.242249 0.937256 
837.828125 911.454651 0.865201 
0.000000 0.000000 0.000000 
746.371460 557.797363 0.848437 
0.000000 0.000000 0.000000 
770.065918 569.525208 0.862327 
817.166260 943.852234 0.670323 
834.889526 940.921204 0.674885 
852.500000 920.316895 0.745437 
770.007751 935.038818 0.665970 
769.932434 929.244019 0.669656 
814.075256 914.430176 0.712350 
 
740.534058 572.449280 0.904919 
787.489868 622.424744 0.886404 
766.971863 622.586792 0.848184 
784.630676 678.521240 0.339403 
731.650330 708.020386 0.317389 
799.425720 619.583801 0.855640 
814.057922 684.505127 0.898847 
740.472595 690.385925 0.898734 
817.165344 734.557068 0.818506 
802.431091 731.655579 0.775490 
746.454224 814.147522 0.896728 
802.377930 908.592834 0.869274 
837.718384 737.432861 0.840371 
787.540771 814.242249 0.937256 
837.828125 911.454651 0.865201 
0.000000 0.000000 0.000000 
746.371460 557.797363 0.848437 
0.000000 0.000000 0.000000 
770.065918 569.525208 0.862327 
817.166260 943.852234 0.670323 
834.889526 940.921204 0.674885 
852.500000 920.316895 0.745437 
770.007751 935.038818 0.665970 
769.932434 929.244019 0.669656 
814.075256 914.430176 0.712350 
 
740.511047 572.466064 0.903595 
784.725220 622.424927 0.884152 
766.975891 622.614319 0.858416 
770.001282 693.188477 0.454185 
719.864807 696.246765 0.398016 
796.507935 619.556763 0.856477 
802.351318 687.387756 0.846052 
731.608521 678.521423 0.832789 
814.205261 737.534119 0.857699 
796.538879 737.465332 0.787303 
743.579346 814.242371 0.896034 
796.470703 911.421448 0.850164 
834.698608 740.338806 0.851269 
781.700867 814.253845 0.894734 
834.934387 911.456726 0.871926 
0.000000 0.000000 0.000000 
746.361328 557.809692 0.847343 
0.000000 0.000000 0.000000 
772.854492 572.369568 0.871190 
811.158691 937.972351 0.643488 
822.992798 937.978271 0.636343 
849.562256 923.212708 0.745818 
767.138794 935.018372 0.663438 
767.094177 929.260071 0.652352 
811.200623 917.354797 0.612310 
 
740.515564 572.463135 0.904161 
784.734863 622.427368 0.883344 
766.988586 622.619446 0.856835 
769.997925 693.226440 0.437721 
719.871826 696.269470 0.388818 
796.511108 619.550171 0.854142 
802.364441 687.390808 0.845446 
731.618652 675.737000 0.833810 
814.206970 737.543396 0.857394 
796.547913 737.471252 0.786417 
743.567322 814.228577 0.899951 
796.471680 911.411133 0.851565 
834.695801 740.349670 0.851952 
781.699585 814.251892 0.894121 
834.930603 911.452393 0.872973 
0.000000 0.000000 0.000000 
746.367126 557.806458 0.847965 
0.000000 0.000000 0.000000 
772.869629 572.365845 0.869762 
811.160400 937.983826 0.653842 
822.994751 937.990479 0.643151 
849.558960 923.207214 0.746844 
769.940186 935.027100 0.656453 
767.130066 931.976990 0.646498 
811.198608 917.333801 0.616774 
 
740.560669 575.413330 0.928160 
784.646301 622.594299 0.890924 
764.131897 625.546448 0.878898 
740.370178 693.157349 0.806750 
699.170471 649.119385 0.739533 
796.518921 622.442688 0.876048 
764.138123 675.567139 0.956208 
702.165222 645.965271 0.883811 
808.158325 743.452515 0.845422 
787.584534 743.423096 0.841818 
737.573242 828.922546 0.870670 
793.552917 908.648926 0.860057 
820.110901 743.525391 0.828879 
767.007568 823.021301 0.893270 
834.747864 911.537903 0.851171 
0.000000 0.000000 0.000000 
746.342102 566.543701 0.845633 
0.000000 0.000000 0.000000 
772.872437 575.212036 0.894602 
811.164917 946.838013 0.629556 
825.916199 946.799133 0.609279 
846.586853 920.334167 0.735630 
767.014282 935.038574 0.756096 
767.013855 929.243164 0.731015 
811.077881 914.386108 0.575016 
 
740.560669 575.413330 0.928160 
784.646301 622.594299 0.890924 
764.131897 625.546448 0.878898 
740.370178 693.157349 0.806750 
699.170471 649.119385 0.739533 
796.518921 622.442688 0.876048 
764.138123 675.567139 0.956208 
702.165222 645.965271 0.883811 
808.158325 743.452515 0.845422 
787.584534 743.423096 0.841818 
737.573242 828.922546 0.870670 
793.552917 908.648926 0.860057 
820.110901 743.525391 0.828879 
767.007568 823.021301 0.893270 
834.747864 911.537903 0.851171 
0.000000 0.000000 0.000000 
746.342102 566.543701 0.845633 
0.000000 0.000000 0.000000 
772.872437 575.212036 0.894602 
811.164917 946.838013 0.629556 
825.916199 946.799133 0.609279 
846.586853 920.334167 0.735630 
767.014282 935.038574 0.756096 
767.013855 929.243164 0.731015 
811.077881 914.386108 0.575016 
 
740.600586 575.483276 0.951969 
784.579773 622.611267 0.884038 
764.065308 625.570496 0.868117 
725.708496 690.275818 0.816368 
696.294373 646.058289 0.812743 
796.480774 622.482483 0.885532 
746.423645 669.712158 0.926249 
699.285950 628.398560 0.875671 
805.254150 743.449768 0.834239 
787.502563 743.405151 0.839400 
722.877869 831.816345 0.851357 
793.620422 911.429382 0.835491 
817.181702 743.533691 0.843961 
764.050659 828.927795 0.893671 
834.852051 911.499634 0.855043 
0.000000 0.000000 0.000000 
746.398438 569.406677 0.849353 
0.000000 0.000000 0.000000 
772.907837 575.253540 0.894969 
811.291138 946.856812 0.632081 
828.855408 946.777527 0.619261 
849.531799 917.404297 0.744876 
769.904724 937.996460 0.697308 
767.145020 932.116577 0.691172 
811.143555 914.471130 0.548848 
 
740.601196 575.483276 0.952137 
784.578918 622.613098 0.884083 
764.063232 625.574097 0.867700 
725.708130 690.275757 0.816616 
696.295349 646.058655 0.812718 
796.481567 622.483093 0.885398 
746.423584 669.711487 0.925565 
699.287598 628.398926 0.875659 
802.427429 743.457092 0.833424 
787.496155 743.412598 0.838732 
722.890808 831.815552 0.849002 
793.619263 911.439392 0.835496 
817.175964 743.534912 0.844525 
764.053528 828.921326 0.893025 
834.855774 911.504944 0.855082 
0.000000 0.000000 0.000000 
746.397705 569.406311 0.849360 
0.000000 0.000000 0.000000 
772.905334 575.251953 0.894806 
811.300720 946.867126 0.632726 
828.870361 946.786255 0.621635 
849.533997 917.410400 0.745123 
767.143311 938.006958 0.694790 
767.137024 932.123474 0.689771 
811.156860 917.305115 0.552775 
 
740.583923 575.398987 0.949815 
778.830933 622.598877 0.875941 
763.913879 625.413452 0.848710 
716.951843 681.462341 0.837788 
693.213745 628.537292 0.790315 
793.613220 622.574097 0.910563 
740.498657 666.650879 0.901924 
702.143494 622.478333 0.893299 
793.587219 746.352539 0.840471 
778.773743 743.576721 0.811772 
719.880615 834.695801 0.909617 
790.735779 908.591309 0.872953 
814.162170 746.401367 0.855953 
763.945374 828.958313 0.886784 
834.711182 911.504761 0.849744 
0.000000 0.000000 0.000000 
746.434204 566.533203 0.850776 
0.000000 0.000000 0.000000 
772.882202 575.294739 0.905785 
814.136658 949.765564 0.622635 
831.842468 946.814270 0.617223 
843.695496 917.326721 0.763821 
767.041809 935.091797 0.701558 
767.033752 932.035828 0.681661 
808.271240 911.489929 0.566799 
 
740.583923 575.398987 0.949815 
778.830933 622.598877 0.875941 
763.913879 625.413452 0.848710 
716.951843 681.462341 0.837788 
693.213745 628.537292 0.790315 
793.613220 622.574097 0.910563 
740.498657 666.650879 0.901924 
702.143494 622.478333 0.893299 
793.587219 746.352539 0.840471 
778.773743 743.576721 0.811772 
719.880615 834.695801 0.909617 
790.735779 908.591309 0.872953 
814.162170 746.401367 0.855953 
763.945374 828.958313 0.886784 
834.711182 911.504761 0.849744 
0.000000 0.000000 0.000000 
746.434204 566.533203 0.850776 
0.000000 0.000000 0.000000 
772.882202 575.294739 0.905785 
814.136658 949.765564 0.622635 
831.842468 946.814270 0.617223 
843.695496 917.326721 0.763821 
767.041809 935.091797 0.701558 
767.033752 932.035828 0.681661 
808.271240 911.489929 0.566799 
 
740.591614 575.472412 0.938782 
775.873413 619.578796 0.843557 
763.959961 622.415466 0.815286 
699.151855 649.015320 0.719603 
693.293640 598.954224 0.545012 
790.569519 619.538696 0.900348 
719.726013 634.322632 0.869759 
702.208130 581.304138 0.825743 
784.623901 746.388916 0.824982 
763.980408 743.548584 0.832374 
717.015320 834.883484 0.953896 
790.582642 908.465820 0.900608 
802.371582 749.332764 0.784439 
752.293213 831.908386 0.880960 
831.841187 911.455017 0.850363 
0.000000 0.000000 0.000000 
746.358521 569.462280 0.847795 
0.000000 0.000000 0.000000 
770.014954 575.252014 0.901668 
808.314514 949.755676 0.574383 
820.112244 946.835876 0.568677 
843.648560 917.327271 0.775706 
767.020874 935.095886 0.710583 
766.980652 932.036133 0.686231 
799.456604 908.534180 0.527510 
 
740.435730 575.306458 0.877405 
769.898621 619.515625 0.878114 
755.182983 619.641907 0.776476 
678.511719 643.133240 0.801392 
696.303406 578.274170 0.790314 
787.661255 616.596375 0.879926 
708.041382 622.628357 0.780339 
713.813416 575.230408 0.784843 
775.810791 746.358948 0.813040 
758.151978 746.349792 0.802598 
716.977539 834.908752 0.959544 
790.524658 908.449097 0.918202 
793.571350 746.400696 0.814833 
752.275879 831.817993 0.871266 
828.942322 908.663452 0.850048 
0.000000 0.000000 0.000000 
743.476318 563.587646 0.838409 
0.000000 0.000000 0.000000 
767.128174 575.218506 0.919341 
808.210327 946.877319 0.568574 
817.167053 943.913879 0.564620 
840.726318 914.414917 0.793184 
766.935242 937.952332 0.744698 
766.891418 932.079956 0.717939 
796.578674 908.528259 0.564214 
 
740.433228 575.323792 0.876458 
769.893738 619.509277 0.876076 
755.180298 619.618164 0.772862 
675.712952 643.144348 0.801966 
696.261963 578.328430 0.793757 
787.660156 616.607117 0.879807 
705.051636 622.678101 0.789875 
711.036804 575.261780 0.795172 
775.816162 746.339478 0.814428 
758.159241 746.324707 0.805230 
716.991394 834.932312 0.960012 
790.531433 908.460510 0.920699 
793.571716 746.387756 0.816084 
752.255737 831.821472 0.872748 
828.957520 908.663940 0.850873 
0.000000 0.000000 0.000000 
743.459595 563.637939 0.839467 
0.000000 0.000000 0.000000 
767.137024 575.212158 0.915655 
808.222107 949.698364 0.577661 
817.180359 946.765137 0.572099 
840.737183 914.412354 0.793782 
766.924438 935.154053 0.755121 
766.890503 932.072083 0.727437 
799.405762 908.542664 0.566934 
 
737.469971 566.514343 0.770559 
763.947632 604.826843 0.895357 
740.566406 607.811279 0.798882 
675.593933 610.760681 0.778273 
699.135925 551.731079 0.777386 
778.827820 601.986938 0.885285 
710.953064 593.000122 0.737653 
713.965210 545.877014 0.771085 
764.155701 740.460388 0.892172 
743.539917 740.452026 0.847799 
716.958801 834.793396 0.948869 
790.582886 908.422607 0.927811 
784.737488 740.503662 0.856545 
755.179382 828.892273 0.837246 
831.796570 911.465210 0.844605 
0.000000 0.000000 0.000000 
740.453308 554.767517 0.870190 
0.000000 0.000000 0.000000 
764.114258 557.752747 0.915877 
811.129883 949.813965 0.627038 
825.917053 946.884338 0.606738 
840.773254 917.325012 0.780047 
766.990112 938.004517 0.747083 
766.916748 932.123596 0.732392 
802.340515 908.471008 0.590030 
 
737.465515 566.505920 0.766605 
763.943420 604.826233 0.894960 
740.553955 607.808105 0.798037 
675.588440 610.740234 0.780033 
699.136353 551.726440 0.780150 
778.832764 601.987549 0.884822 
710.968994 592.996704 0.737813 
713.975281 545.875977 0.772037 
764.149353 740.470337 0.892880 
743.530029 740.459839 0.849371 
716.961060 834.788452 0.947951 
790.581360 908.413879 0.927322 
784.736755 740.515259 0.857594 
755.151978 828.892761 0.836838 
831.799988 911.467896 0.844819 
0.000000 0.000000 0.000000 
740.450439 554.764160 0.869053 
0.000000 0.000000 0.000000 
764.111755 557.750671 0.915778 
811.135742 949.822998 0.631292 
825.929810 949.683777 0.610457 
840.777039 917.325806 0.781297 
766.992981 938.010498 0.751902 
766.916260 932.127625 0.737830 
799.505005 908.458984 0.593470 
 
737.439453 551.904175 0.830122 
755.237610 595.946716 0.850388 
734.532104 598.893127 0.819351 
669.691772 595.958069 0.793519 
699.178894 531.215759 0.687127 
772.886658 590.167114 0.833783 
710.935730 572.429749 0.778150 
716.828003 528.261780 0.796402 
758.202332 728.638184 0.792217 
740.459229 728.717896 0.803594 
719.724854 831.846375 0.934054 
787.692505 905.643677 0.944514 
772.950806 725.771423 0.779578 
752.279846 814.285828 0.895285 
831.825806 908.511719 0.871071 
734.485901 554.674744 0.063306 
740.455688 545.933289 0.855026 
0.000000 0.000000 0.000000 
763.904175 551.783691 0.937047 
805.297302 938.024048 0.634518 
817.187683 937.991760 0.629267 
843.655334 911.466980 0.776663 
764.008789 935.144531 0.791218 
763.918396 932.059875 0.758871 
796.492676 908.407959 0.671314 
 
737.439453 551.904175 0.830122 
755.237610 595.946716 0.850388 
734.532104 598.893127 0.819351 
669.691772 595.958069 0.793519 
699.178894 531.215759 0.687127 
772.886658 590.167114 0.833783 
710.935730 572.429749 0.778150 
716.828003 528.261780 0.796402 
758.202332 728.638184 0.792217 
740.459229 728.717896 0.803594 
719.724854 831.846375 0.934054 
787.692505 905.643677 0.944514 
772.950806 725.771423 0.779578 
752.279846 814.285828 0.895285 
831.825806 908.511719 0.871071 
734.485901 554.674744 0.063306 
740.455688 545.933289 0.855026 
0.000000 0.000000 0.000000 
763.904175 551.783691 0.937047 
805.297302 938.024048 0.634518 
817.187683 937.991760 0.629267 
843.655334 911.466980 0.776663 
764.008789 935.144531 0.791218 
763.918396 932.059875 0.758871 
796.492676 908.407959 0.671314 
 
719.954712 534.116150 0.709836 
746.394653 581.247192 0.886414 
719.793457 581.372681 0.828024 
663.813538 578.241577 0.882216 
693.272949 525.303040 0.755480 
775.809998 578.378113 0.864075 
716.857361 554.874268 0.775414 
702.177490 507.669250 0.767263 
743.573303 716.778809 0.842454 
725.775269 716.821899 0.810606 
722.760498 814.289307 0.891991 
787.654236 905.535522 0.906988 
766.906067 716.753967 0.836133 
761.038208 811.100098 0.894488 
825.996399 905.579834 0.849022 
720.007263 534.245422 0.072036 
728.653381 528.228943 0.817572 
0.000000 0.000000 0.000000 
755.216553 531.265808 0.901847 
793.532227 932.223511 0.616721 
811.191101 932.183777 0.634143 
837.849915 908.542908 0.822730 
761.107178 932.235413 0.799112 
761.007202 929.197327 0.756052 
796.472961 908.413208 0.603560 
 
719.951477 534.116028 0.710015 
746.401245 581.251404 0.884701 
719.795227 581.371582 0.827982 
663.798950 578.238342 0.880323 
693.275574 525.308044 0.757002 
775.814819 578.385132 0.862457 
716.913818 557.631531 0.770366 
702.191345 507.680481 0.761995 
743.575012 716.773560 0.841384 
725.781433 716.817139 0.809153 
722.760254 814.283142 0.892849 
787.650208 905.527710 0.906712 
766.903809 716.748840 0.835193 
761.035828 811.097351 0.894020 
825.998840 905.580078 0.849495 
720.000610 534.229309 0.070489 
728.646057 528.225891 0.819366 
0.000000 0.000000 0.000000 
755.220337 531.264404 0.901939 
793.520081 932.220032 0.621688 
811.181458 932.183044 0.636693 
837.851990 908.542114 0.823268 
761.109863 932.209961 0.802518 
761.012146 929.175659 0.756413 
796.465393 908.406433 0.606457 
 
719.929565 528.186462 0.630301 
743.543701 572.417236 0.891408 
716.954102 575.331299 0.831411 
660.833313 572.343750 0.831873 
693.255615 507.623627 0.767172 
769.902283 566.575378 0.851217 
716.858643 548.837769 0.794333 
696.285522 501.628052 0.793000 
743.325623 708.024292 0.831456 
722.732422 710.925720 0.799588 
728.660889 811.186218 0.882853 
787.659485 905.482666 0.909926 
763.959717 705.108032 0.795027 
763.937012 802.367432 0.848291 
825.911194 905.406555 0.820574 
0.000000 0.000000 0.000000 
725.790955 519.403809 0.728092 
0.000000 0.000000 0.000000 
749.306641 528.210144 0.933521 
790.630859 932.184631 0.689628 
811.093201 932.100708 0.697414 
837.794678 908.406555 0.837204 
761.142578 934.990234 0.791799 
761.005493 929.227661 0.748210 
796.514954 908.461121 0.593891 
 
719.929565 528.186462 0.630301 
743.543701 572.417236 0.891408 
716.954102 575.331299 0.831411 
660.833313 572.343750 0.831873 
693.255615 507.623627 0.767172 
769.902283 566.575378 0.851217 
716.858643 548.837769 0.794333 
696.285522 501.628052 0.793000 
743.325623 708.024292 0.831456 
722.732422 710.925720 0.799588 
728.660889 811.186218 0.882853 
787.659485 905.482666 0.909926 
763.959717 705.108032 0.795027 
763.937012 802.367432 0.848291 
825.911194 905.406555 0.820574 
0.000000 0.000000 0.000000 
725.790955 519.403809 0.728092 
0.000000 0.000000 0.000000 
749.306641 528.210144 0.933521 
790.630859 932.184631 0.689628 
811.093201 932.100708 0.697414 
837.794678 908.406555 0.837204 
761.142578 934.990234 0.791799 
761.005493 929.227661 0.748210 
796.514954 908.461121 0.593891 
 
719.825928 516.415344 0.508885 
740.492065 554.652161 0.931561 
713.912964 554.772949 0.838299 
651.978149 539.952026 0.810063 
672.674438 478.024261 0.739052 
764.163574 551.873718 0.907593 
696.288086 513.478882 0.814333 
681.555359 460.504303 0.843899 
740.352966 693.156128 0.867648 
719.850098 693.200806 0.850382 
737.427429 790.664429 0.881453 
781.778137 896.724365 0.798745 
752.278381 693.143005 0.795837 
766.874023 787.660706 0.931052 
811.351196 890.851501 0.834536 
0.000000 0.000000 0.000000 
722.857117 507.460419 0.712501 
0.000000 0.000000 0.000000 
746.347839 507.659790 0.924598 
787.716492 932.046753 0.638758 
808.188293 929.073975 0.641262 
822.976868 902.589355 0.712235 
764.138794 932.194092 0.766684 
758.200562 929.148926 0.713204 
790.611938 902.645020 0.542311 
 
719.820312 516.431580 0.503078 
740.493530 554.659790 0.931407 
713.917542 554.779907 0.837959 
651.991943 537.121216 0.809022 
672.705383 475.182434 0.738221 
764.165161 551.878967 0.907366 
696.288025 513.476746 0.814701 
681.557434 460.503082 0.843091 
740.354004 693.155273 0.867455 
719.855164 693.199585 0.848578 
737.421753 790.661194 0.881096 
781.777039 896.726990 0.798571 
752.273132 690.408936 0.796641 
766.873291 787.658813 0.930960 
811.352234 890.849182 0.834347 
0.000000 0.000000 0.000000 
722.847656 507.470734 0.707612 
0.000000 0.000000 0.000000 
746.345703 507.663391 0.923319 
787.716797 932.045410 0.634027 
808.185852 929.070740 0.636665 
822.977661 902.586182 0.711356 
764.135315 932.197693 0.766772 
758.196655 929.151489 0.713251 
790.611755 902.643982 0.541358 
 
716.808777 498.695740 0.553984 
728.693970 531.188965 0.870008 
702.190979 531.288452 0.813669 
649.092896 501.630707 0.885901 
643.156860 430.954010 0.695242 
758.175903 531.229919 0.896574 
696.321533 486.917877 0.723954 
669.675476 433.766754 0.895726 
722.837585 669.579468 0.847139 
710.991577 669.682312 0.805844 
728.691711 770.006470 0.846335 
767.011353 881.911621 0.894464 
743.327209 666.743958 0.843956 
761.090393 769.916931 0.878503 
805.344116 881.960266 0.824671 
0.000000 0.000000 0.000000 
719.839600 484.031189 0.768376 
0.000000 0.000000 0.000000 
740.611389 489.865570 0.938991 
778.764893 908.580811 0.637614 
790.664246 908.532593 0.665371 
814.148071 887.889038 0.700909 
752.277405 911.530884 0.559272 
743.512451 908.473938 0.597314 
775.909851 884.875427 0.534410 
 
716.808777 498.695740 0.553984 
728.693970 531.188965 0.870008 
702.190979 531.288452 0.813669 
649.092896 501.630707 0.885901 
643.156860 430.954010 0.695242 
758.175903 531.229919 0.896574 
696.321533 486.917877 0.723954 
669.675476 433.766754 0.895726 
722.837585 669.579468 0.847139 
710.991577 669.682312 0.805844 
728.691711 770.006470 0.846335 
767.011353 881.911621 0.894464 
743.327209 666.743958 0.843956 
761.090393 769.916931 0.878503 
805.344116 881.960266 0.824671 
0.000000 0.000000 0.000000 
719.839600 484.031189 0.768376 
0.000000 0.000000 0.000000 
740.611389 489.865570 0.938991 
778.764893 908.580811 0.637614 
790.664246 908.532593 0.665371 
814.148071 887.889038 0.700909 
752.277405 911.530884 0.559272 
743.512451 908.473938 0.597314 
775.909851 884.875427 0.534410 
 
699.149353 483.919495 0.612888 
725.734070 522.361755 0.839612 
699.281128 519.391907 0.791267 
666.822388 480.913818 0.822765 
622.637451 427.932648 0.835014 
755.226379 525.270996 0.844706 
702.180481 484.039551 0.603887 
669.569336 422.130157 0.823279 
719.851624 652.096008 0.863037 
699.280029 654.955872 0.787681 
719.817871 763.970398 0.926844 
763.900757 861.489197 0.879463 
740.498047 652.009583 0.857160 
752.256287 764.017456 0.842801 
790.507874 864.261536 0.866425 
0.000000 0.000000 0.000000 
711.030762 478.082031 0.722486 
0.000000 0.000000 0.000000 
740.329956 481.099579 0.941686 
767.109131 890.825439 0.647932 
787.515686 887.941833 0.662737 
793.581482 873.115601 0.696428 
746.391785 890.858276 0.520546 
743.302368 885.012390 0.529045 
767.106812 870.166138 0.575321 
 
699.144714 483.914246 0.613699 
725.736023 522.360168 0.838772 
699.279907 519.382202 0.791049 
666.826050 480.905640 0.821621 
622.637207 427.926758 0.833685 
755.230774 525.275330 0.844739 
702.181519 484.040894 0.601378 
669.564636 422.128021 0.823314 
719.852844 652.088135 0.863562 
699.281616 654.944885 0.788039 
719.814697 763.967407 0.926322 
763.902100 861.488525 0.879480 
740.499939 652.004639 0.857704 
752.254028 764.012146 0.841913 
790.509277 864.260986 0.865992 
0.000000 0.000000 0.000000 
711.024597 478.078796 0.722700 
0.000000 0.000000 0.000000 
740.328552 481.097717 0.941334 
767.110046 890.828918 0.646005 
787.516602 887.945374 0.660918 
793.584778 873.115601 0.693638 
746.392639 890.863953 0.519202 
743.305054 885.018250 0.527277 
767.107117 870.167419 0.574951 
 
696.315247 478.062042 0.681276 
722.878784 510.623322 0.844357 
696.415222 510.482605 0.836424 
666.721680 463.386627 0.814853 
622.566223 422.082123 0.842616 
752.238220 516.427185 0.813362 
696.220093 478.065430 0.718344 
669.574585 419.166687 0.846802 
719.743042 649.101746 0.889027 
699.138184 649.156250 0.826575 
716.856934 758.139832 0.888861 
761.073120 861.435608 0.849745 
740.388611 649.063477 0.858618 
746.371521 755.182739 0.824145 
787.642212 864.378296 0.847717 
0.000000 0.000000 0.000000 
710.927673 463.463776 0.747605 
0.000000 0.000000 0.000000 
737.536438 478.120880 0.910001 
763.993958 899.652954 0.692000 
778.794128 896.718872 0.660315 
793.557251 878.951843 0.736722 
743.421570 899.653931 0.567870 
740.334839 887.960815 0.558786 
767.019409 870.164551 0.498523 
 
696.315247 478.062042 0.681276 
722.878784 510.623322 0.844357 
696.415222 510.482605 0.836424 
666.721680 463.386627 0.814853 
622.566223 422.082123 0.842616 
752.238220 516.427185 0.813362 
696.220093 478.065430 0.718344 
669.574585 419.166687 0.846802 
719.743042 649.101746 0.889027 
699.138184 649.156250 0.826575 
716.856934 758.139832 0.888861 
761.073120 861.435608 0.849745 
740.388611 649.063477 0.858618 
746.371521 755.182739 0.824145 
787.642212 864.378296 0.847717 
0.000000 0.000000 0.000000 
710.927673 463.463776 0.747605 
0.000000 0.000000 0.000000 
737.536438 478.120880 0.910001 
763.993958 899.652954 0.692000 
778.794128 896.718872 0.660315 
793.557251 878.951843 0.736722 
743.421570 899.653931 0.567870 
740.334839 887.960815 0.558786 
767.019409 870.164551 0.498523 
 
693.427246 469.215088 0.695410 
719.859863 504.642700 0.916245 
696.192078 504.584045 0.858641 
657.948914 460.448303 0.792520 
625.479370 413.278931 0.906296 
743.515930 507.454712 0.892950 
696.234253 475.123779 0.676325 
663.754883 413.374756 0.832392 
716.836487 643.123962 0.858157 
696.321045 643.145264 0.823127 
708.088684 743.431030 0.869857 
746.403381 849.525024 0.821880 
731.604187 643.109314 0.781804 
740.407166 740.347656 0.891171 
775.838135 849.597534 0.799945 
0.000000 0.000000 0.000000 
699.259705 460.407166 0.810583 
0.000000 0.000000 0.000000 
722.836975 463.363953 0.882058 
752.253601 879.068726 0.629748 
766.948425 879.014832 0.690499 
787.614807 858.405884 0.769893 
734.610413 878.963684 0.405651 
728.679382 873.081543 0.392254 
761.061340 858.297668 0.483456 
 
693.428833 466.360382 0.694861 
719.853210 504.632416 0.916435 
696.188965 504.576630 0.858799 
657.940125 460.437317 0.792864 
625.495972 413.277222 0.901090 
743.509155 507.441315 0.894793 
696.227234 475.113434 0.674717 
663.745117 413.372040 0.832015 
716.833618 643.128845 0.857866 
696.317871 643.152466 0.823598 
710.923401 743.469116 0.867696 
746.413147 849.536926 0.820649 
731.603638 643.114075 0.782129 
740.413391 740.371277 0.896136 
775.844238 852.429382 0.800303 
0.000000 0.000000 0.000000 
699.259949 460.386475 0.812210 
0.000000 0.000000 0.000000 
722.812073 463.345581 0.889548 
752.277283 879.065979 0.628797 
766.960327 879.010864 0.690448 
787.612610 858.406433 0.769922 
737.437988 878.957947 0.403468 
728.705627 873.091309 0.389923 
761.067749 858.306335 0.485048 
 
693.307007 466.253784 0.695372 
719.772522 504.611542 0.912641 
696.156128 504.568207 0.850309 
654.988159 460.331299 0.821039 
625.388123 413.331848 0.908701 
743.366333 504.664062 0.895648 
693.346375 475.094269 0.741395 
660.903992 413.287445 0.832760 
716.769714 643.167969 0.855706 
696.255432 643.210083 0.840948 
702.163452 743.332092 0.891034 
743.435181 846.655396 0.857629 
728.696045 643.129028 0.782357 
740.376770 740.418518 0.897606 
772.935669 852.467468 0.797688 
0.000000 0.000000 0.000000 
696.397278 460.318542 0.830178 
0.000000 0.000000 0.000000 
719.962891 463.299652 0.929430 
746.382080 876.052673 0.578460 
764.017334 876.100281 0.623983 
787.539734 858.487061 0.686395 
725.706543 873.129822 0.413604 
722.754700 864.393677 0.413863 
752.267944 855.455139 0.491001 
 
693.298340 463.405029 0.692676 
719.760437 504.600861 0.912600 
696.145691 504.563568 0.846067 
654.983704 460.363708 0.819704 
625.378540 416.125000 0.908325 
743.352966 504.651642 0.897228 
693.252563 472.170013 0.750926 
663.763245 413.329315 0.836755 
716.764587 643.184143 0.859973 
696.246216 643.222351 0.844355 
702.148071 743.324097 0.894911 
743.429321 846.652161 0.864999 
728.697571 643.148193 0.786333 
740.366699 740.407898 0.895035 
772.907959 849.550476 0.795173 
0.000000 0.000000 0.000000 
696.395935 460.263306 0.825386 
0.000000 0.000000 0.000000 
719.927185 460.569794 0.936039 
749.315857 873.122864 0.574319 
764.095032 873.153992 0.624796 
787.513000 858.410156 0.687436 
725.772766 870.239258 0.427608 
722.786926 864.352722 0.433826 
752.278564 855.450745 0.509426 
 
690.401550 463.388062 0.660077 
716.823792 504.646698 0.915522 
693.269226 504.674591 0.841861 
649.169067 463.328857 0.839893 
610.759216 416.276428 0.827938 
737.557434 504.608154 0.902727 
687.425232 469.265839 0.773017 
654.991272 413.297516 0.855610 
710.996277 643.075256 0.799994 
693.376160 643.099915 0.821553 
696.264099 743.319763 0.956916 
734.568787 846.568298 0.804661 
722.783936 640.233154 0.795735 
725.719238 737.520020 0.858592 
764.003235 852.488708 0.851684 
0.000000 0.000000 0.000000 
696.229980 457.568634 0.819748 
0.000000 0.000000 0.000000 
717.028198 460.574036 0.965441 
731.614502 878.957153 0.636411 
743.501648 879.003052 0.657145 
769.940002 861.254028 0.768837 
705.109070 867.212280 0.495828 
702.187866 861.330505 0.474232 
743.312012 855.438293 0.498063 
 
690.392395 463.380829 0.657501 
716.822510 504.647186 0.915174 
693.271423 504.674591 0.841567 
649.171082 463.328217 0.838720 
610.765625 416.275604 0.828709 
737.554199 504.607697 0.902627 
687.422668 469.269440 0.772864 
654.995850 413.303284 0.853849 
711.001587 640.284546 0.799751 
693.381470 643.095032 0.821160 
696.262939 743.317627 0.956914 
734.570923 846.574219 0.804563 
722.785278 640.228943 0.795110 
725.715454 737.515930 0.858722 
764.003235 852.491028 0.851795 
0.000000 0.000000 0.000000 
696.223083 457.564178 0.818669 
0.000000 0.000000 0.000000 
717.022888 460.569122 0.966748 
731.604553 878.967834 0.636183 
743.495544 879.012268 0.657644 
769.942383 861.257202 0.768124 
705.110168 867.224426 0.493393 
702.186890 861.339722 0.472184 
743.314331 855.444946 0.496292 
 
687.378662 472.190979 0.604712 
713.859131 507.612732 0.862704 
693.167358 507.612061 0.835442 
649.049927 466.323181 0.840965 
602.051514 427.947479 0.855690 
734.533447 507.575714 0.888749 
687.338989 480.911072 0.756124 
652.082825 413.383942 0.856640 
705.069702 646.046997 0.822886 
690.389954 646.064148 0.814185 
696.167603 743.516968 0.919130 
722.841858 855.397522 0.827306 
719.908264 646.035950 0.850255 
722.860535 740.420532 0.873669 
761.067627 858.454834 0.857590 
0.000000 0.000000 0.000000 
693.300842 460.479095 0.808089 
0.000000 0.000000 0.000000 
716.909790 463.438934 0.956103 
722.809509 882.066284 0.706011 
740.499390 884.836670 0.719231 
767.059021 867.245850 0.776942 
699.203857 878.986450 0.531084 
696.348083 867.287964 0.507636 
737.485229 861.240356 0.518499 
 
687.338684 472.162354 0.614782 
713.829041 507.579498 0.860407 
690.404358 507.565826 0.834390 
649.038635 466.324005 0.838581 
602.030823 427.930359 0.855820 
734.525330 507.560486 0.888895 
687.375244 480.937714 0.761938 
652.089172 416.146362 0.855928 
705.070801 646.020874 0.821824 
690.383789 646.041077 0.813317 
696.158020 743.499817 0.922719 
722.836609 855.422668 0.829655 
719.915710 646.007874 0.847917 
722.838867 740.373718 0.874523 
761.073303 858.460510 0.859030 
0.000000 0.000000 0.000000 
693.289856 460.464111 0.812517 
0.000000 0.000000 0.000000 
716.914490 463.433685 0.957629 
722.775940 884.836243 0.705027 
740.477051 884.853577 0.715880 
767.069458 867.250061 0.772863 
699.189148 879.039185 0.541641 
696.332520 870.173767 0.513771 
737.476501 861.253235 0.515029 
 
675.642395 477.996277 0.712911 
708.031616 510.527222 0.844529 
684.406555 510.520935 0.813918 
646.006958 478.109863 0.854751 
598.943237 433.836029 0.928888 
734.501404 510.614502 0.840935 
687.346191 481.002930 0.643987 
649.089172 416.151093 0.866280 
699.267456 648.979309 0.846974 
684.487793 648.979126 0.799426 
693.384949 755.194336 0.881359 
717.013489 861.457703 0.877260 
719.850708 648.966614 0.871713 
719.978394 746.327820 0.876443 
752.261292 861.409973 0.795174 
0.000000 0.000000 0.000000 
690.280640 463.359009 0.795235 
0.000000 0.000000 0.000000 
716.794189 475.110962 0.916706 
722.796753 884.923401 0.558844 
740.401123 884.985107 0.593281 
763.966431 876.039673 0.639595 
699.148682 887.877319 0.491315 
696.126892 884.821106 0.491308 
722.915649 870.161560 0.521306 
 
675.643433 477.997009 0.713279 
708.035095 510.526550 0.844680 
684.411011 510.521149 0.814285 
646.010437 478.116882 0.856245 
598.953430 433.852295 0.929321 
734.500854 510.613098 0.841271 
687.344299 480.999084 0.643716 
649.095093 416.155945 0.866411 
699.270203 648.990967 0.846275 
684.496521 648.994568 0.799278 
693.391357 755.203857 0.881603 
717.011353 861.472839 0.876018 
719.852051 648.973145 0.871254 
719.989624 746.354126 0.872147 
752.275452 861.430359 0.793106 
0.000000 0.000000 0.000000 
690.279846 463.359772 0.795093 
0.000000 0.000000 0.000000 
716.795898 475.111572 0.916705 
722.790283 884.916016 0.559991 
740.389954 884.990601 0.592111 
763.976257 876.074463 0.640296 
696.369141 887.878601 0.487853 
693.399658 884.824951 0.486812 
722.911682 870.186584 0.519989 
 
672.774292 478.146576 0.686131 
702.171204 513.497192 0.828004 
675.643860 513.452820 0.792265 
643.115723 480.891968 0.807044 
598.823120 433.955933 0.911110 
731.679504 516.382263 0.823167 
672.781921 472.236542 0.710656 
646.231995 419.155731 0.847824 
696.401428 651.977783 0.848502 
675.678040 652.036377 0.792063 
693.379883 763.971741 0.916878 
716.756226 864.286438 0.873263 
719.857422 649.171204 0.866418 
722.757385 755.264221 0.830281 
746.447754 867.291626 0.798064 
0.000000 0.000000 0.000000 
687.397217 466.254547 0.735109 
0.000000 0.000000 0.000000 
713.985413 478.091980 0.920022 
719.810669 890.816162 0.590947 
734.600830 893.749207 0.585751 
761.033081 881.934570 0.656584 
696.265137 887.923218 0.514670 
693.241943 884.893982 0.522723 
719.879028 870.243408 0.595220 
 
672.774292 478.146576 0.686131 
702.171204 513.497192 0.828004 
675.643860 513.452820 0.792265 
643.115723 480.891968 0.807044 
598.823120 433.955933 0.911110 
731.679504 516.382263 0.823167 
672.781921 472.236542 0.710656 
646.231995 419.155731 0.847824 
696.401428 651.977783 0.848502 
675.678040 652.036377 0.792063 
693.379883 763.971741 0.916878 
716.756226 864.286438 0.873263 
719.857422 649.171204 0.866418 
722.757385 755.264221 0.830281 
746.447754 867.291626 0.798064 
0.000000 0.000000 0.000000 
687.397217 466.254547 0.735109 
0.000000 0.000000 0.000000 
713.985413 478.091980 0.920022 
719.810669 890.816162 0.590947 
734.600830 893.749207 0.585751 
761.033081 881.934570 0.656584 
696.265137 887.923218 0.514670 
693.241943 884.893982 0.522723 
719.879028 870.243408 0.595220 
 
672.688232 486.899597 0.618659 
702.112671 528.119812 0.886951 
675.712891 528.198853 0.809579 
631.390930 489.873749 0.814807 
598.828796 445.684814 0.862123 
725.779419 528.038452 0.872876 
675.597839 492.795105 0.755312 
646.099060 433.721497 0.882525 
696.338013 657.876770 0.823952 
675.712402 657.942871 0.767574 
693.172180 766.951599 0.924124 
713.913025 878.980713 0.844381 
717.013611 654.973328 0.822806 
719.751709 761.106873 0.892503 
743.403320 881.889099 0.841174 
0.000000 0.000000 0.000000 
681.558472 481.027649 0.730091 
0.000000 0.000000 0.000000 
713.875061 483.982483 0.933422 
716.829651 908.453308 0.599907 
731.627747 908.406799 0.625901 
749.348511 887.858704 0.675759 
693.213684 908.527344 0.673853 
681.543762 905.413452 0.628712 
719.804688 882.065125 0.599634 
 
672.686523 486.895508 0.620031 
702.114746 528.120422 0.886580 
675.711609 528.200073 0.809987 
631.393921 489.878906 0.813854 
598.826599 445.695038 0.861741 
725.782715 528.040466 0.872952 
675.601135 492.794922 0.754715 
646.103210 433.722443 0.882530 
696.342285 655.045044 0.824760 
675.716858 657.934143 0.767570 
693.160217 766.934753 0.921082 
713.915222 878.973328 0.843933 
717.014893 654.964905 0.824214 
719.744812 761.070984 0.887706 
743.407227 881.882385 0.839370 
0.000000 0.000000 0.000000 
681.557068 481.025482 0.730887 
0.000000 0.000000 0.000000 
713.874695 483.982819 0.933091 
716.820251 908.455200 0.598652 
731.615173 908.407959 0.623673 
749.358276 887.855591 0.673274 
693.204712 908.528442 0.671197 
681.535828 905.414062 0.626908 
719.807434 882.060364 0.599130 
 
Last frame read and added to queue. Closing program after it is processed.
672.747681 504.603149 0.666598 
696.369080 548.866760 0.905705 
669.730591 548.822510 0.823959 
622.367615 510.633942 0.895077 
598.846191 469.209076 0.845090 
725.795166 548.743713 0.842876 
672.605774 504.681824 0.828045 
643.131897 451.562073 0.835515 
696.261780 675.669983 0.851320 
675.594055 678.530823 0.802805 
684.498901 787.558350 0.877983 
702.101257 890.871460 0.833345 
716.955811 675.596436 0.841318 
716.851990 775.894531 0.884349 
740.362366 896.697876 0.864129 
0.000000 0.000000 0.000000 
684.410095 498.712280 0.708049 
0.000000 0.000000 0.000000 
708.027771 504.637115 0.912767 
716.778076 929.036926 0.702411 
728.678894 926.236755 0.699937 
743.394226 905.612915 0.878062 
687.442505 926.146667 0.695498 
675.598694 914.470337 0.680820 
716.721863 902.666565 0.656612 
 
672.741394 504.596588 0.679298 
696.361938 548.868164 0.906615 
669.722473 548.820801 0.824191 
619.657715 510.628387 0.894528 
598.858032 469.221436 0.844418 
725.795593 548.744385 0.843225 
672.608398 504.682739 0.827314 
643.134766 451.568634 0.836036 
696.253601 675.670532 0.850816 
675.585815 678.531677 0.802571 
684.497070 787.554993 0.875848 
702.113525 890.875427 0.832193 
716.946899 675.597656 0.840397 
716.857971 778.736267 0.884241 
740.362915 896.701721 0.864905 
0.000000 0.000000 0.000000 
684.398254 498.708618 0.715444 
0.000000 0.000000 0.000000 
708.017578 504.635590 0.913116 
716.770691 929.035828 0.701187 
728.663757 926.238464 0.701389 
743.398865 905.618225 0.879693 
687.433105 926.149048 0.692864 
675.592773 917.293823 0.678466 
716.734070 902.668884 0.658766 
 
OpenPose demo successfully finished. Total time: 61.524687 seconds.
