Starting OpenPose demo...
Configuring OpenPose...
Starting thread(s)...
Auto-detecting all available GPUs... Detected 1 GPU(s), using 1 of them starting at GPU 0.

Keypoints:
Person pose keypoints:
Person 0 (x, y, score):
315.905212 295.447174 0.902892 
245.243484 345.497833 0.666428 
245.158554 345.404449 0.876820 
251.102249 436.967010 0.884731 
315.830109 410.397736 0.839498 
248.072906 348.354736 0.565093 
265.729767 436.813965 0.086957 
298.321686 427.918701 0.089949 
183.304062 534.145142 0.713818 
174.475159 537.049438 0.751528 
183.231628 672.805725 0.798290 
100.674889 811.239136 0.839308 
198.050537 534.087524 0.683257 
227.581345 663.857788 0.799542 
224.618912 814.111450 0.835640 
304.152008 286.439545 0.812053 
316.036163 289.473846 0.102657 
265.761475 286.483643 0.826704 
0.000000 0.000000 0.000000 
295.233765 825.922607 0.661049 
289.384491 814.318298 0.622984 
209.810989 834.802673 0.667424 
150.925262 849.513184 0.736452 
130.225861 852.493713 0.692276 
80.046486 817.081604 0.766315 
 
Right hand keypoints: Array<T>::toString():
343.249146 370.999084 0.027544 
333.151062 382.106934 0.045881 
356.040039 383.789948 0.044131 
356.040039 383.789948 0.013682 
350.990997 426.875031 0.006339 
354.020416 383.453369 0.027653 
353.683807 385.472961 0.013153 
354.693604 384.126556 0.009675 
309.925507 406.342316 0.004787 
353.347198 396.917450 0.010862 
346.615173 396.244232 0.008787 
327.428833 401.293274 0.007172 
315.311157 400.283478 0.004966 
352.000793 397.590637 0.010477 
330.458252 399.610260 0.011250 
326.419037 399.610260 0.011243 
324.736023 398.263855 0.009397 
343.249146 413.410950 0.012343 
378.592377 407.015503 0.009516 
325.072632 399.610260 0.009072 
324.736023 398.263855 0.008266 



Keypoints:
Person pose keypoints:
Person 0 (x, y, score):
315.903931 295.445374 0.902963 
245.240631 345.494598 0.667401 
245.157501 345.403809 0.877298 
251.101913 436.969604 0.883446 
315.828766 410.398285 0.839301 
248.068253 348.351105 0.565955 
265.719482 436.816437 0.087140 
298.318878 427.919739 0.089393 
183.306335 534.126831 0.714850 
174.475616 537.026611 0.751795 
180.439835 672.808533 0.799047 
100.672043 811.244812 0.837020 
198.053986 534.070557 0.685168 
227.579788 666.655457 0.799117 
224.616882 814.114990 0.835581 
304.147827 286.438629 0.811858 
316.038452 289.464294 0.104074 
265.755096 286.474518 0.825086 
0.000000 0.000000 0.000000 
295.235352 825.915405 0.660038 
289.383698 814.313965 0.622899 
209.810684 834.808594 0.667192 
150.930984 849.515930 0.734662 
130.231110 852.498779 0.691118 
80.040558 817.085999 0.759416 
 
Right hand keypoints: Array<T>::toString():
342.574463 370.997864 0.026620 
333.149261 382.106140 0.047357 
356.039032 383.452606 0.049328 
355.702423 383.452606 0.014254 
357.385498 381.769531 0.006707 
354.355957 382.106140 0.032454 
354.019348 386.145508 0.014852 
354.692566 384.125824 0.010259 
348.633514 396.917175 0.005568 
353.346130 384.125824 0.011107 
348.970123 396.917175 0.010444 
348.633514 397.590393 0.007818 
316.991791 399.946686 0.004980 
351.999664 397.590393 0.010451 
346.613831 396.917175 0.012557 
326.753601 399.946686 0.011104 
324.733917 398.263611 0.009362 
343.584290 413.074646 0.012351 
343.584290 416.777405 0.009958 
325.407135 399.946686 0.009039 
325.070526 398.263611 0.008196 



Keypoints:
Person pose keypoints:
Person 0 (x, y, score):
321.900970 298.309540 0.847929 
254.073990 345.501678 0.667768 
248.284348 345.455902 0.867633 
251.171494 442.678528 0.833733 
318.992188 422.082489 0.817100 
262.924377 345.516724 0.586624 
265.851410 433.938538 0.165747 
307.149872 436.760681 0.262547 
192.089737 528.272156 0.750229 
177.331757 531.071899 0.795842 
206.820847 669.781677 0.809472 
109.521362 796.529114 0.817606 
201.010437 528.257385 0.713295 
236.317245 663.762939 0.754131 
242.144455 814.057556 0.826363 
315.971100 289.344696 0.887511 
321.928192 292.128204 0.112069 
271.739288 289.362671 0.870455 
0.000000 0.000000 0.000000 
304.156097 817.148499 0.566490 
295.401489 814.120605 0.538600 
224.516953 834.692566 0.745586 
153.764450 849.572876 0.769780 
130.323029 846.583313 0.700418 
91.899155 805.309326 0.745378 
 
Right hand keypoints: Array<T>::toString():
314.611786 428.131165 0.031633 
334.950317 400.656311 0.027164 
363.852448 402.083588 0.027177 
349.579773 426.347107 0.014455 
344.941162 424.919830 0.006394 
362.781982 402.083588 0.020266 
353.861572 412.431274 0.011062 
353.504761 414.572144 0.009190 
348.866150 418.853943 0.006677 
351.363861 408.863098 0.012624 
351.363861 411.717621 0.014821 
350.650238 414.928986 0.008829 
347.438873 418.853943 0.007768 
351.363861 408.506287 0.012853 
349.579773 411.360809 0.014959 
347.795715 416.356232 0.011328 
348.152527 418.497131 0.009023 
368.491058 401.726776 0.015980 
366.350159 402.083588 0.009557 
347.438873 440.976562 0.009197 
335.663940 409.933533 0.007800 



Keypoints:
Person pose keypoints:
Person 0 (x, y, score):
321.900970 298.309540 0.847929 
254.073990 345.501678 0.667768 
248.284348 345.455902 0.867633 
251.171494 442.678528 0.833733 
318.992188 422.082489 0.817100 
262.924377 345.516724 0.586624 
265.851410 433.938538 0.165747 
307.149872 436.760681 0.262547 
192.089737 528.272156 0.750229 
177.331757 531.071899 0.795842 
206.820847 669.781677 0.809472 
109.521362 796.529114 0.817606 
201.010437 528.257385 0.713295 
236.317245 663.762939 0.754131 
242.144455 814.057556 0.826363 
315.971100 289.344696 0.887511 
321.928192 292.128204 0.112069 
271.739288 289.362671 0.870455 
0.000000 0.000000 0.000000 
304.156097 817.148499 0.566490 
295.401489 814.120605 0.538600 
224.516953 834.692566 0.745586 
153.764450 849.572876 0.769780 
130.323029 846.583313 0.700418 
91.899155 805.309326 0.745378 
 
Right hand keypoints: Array<T>::toString():
314.611786 428.131165 0.031633 
334.950317 400.656311 0.027164 
363.852448 402.083588 0.027177 
349.579773 426.347107 0.014455 
344.941162 424.919830 0.006394 
362.781982 402.083588 0.020266 
353.861572 412.431274 0.011062 
353.504761 414.572144 0.009190 
348.866150 418.853943 0.006677 
351.363861 408.863098 0.012624 
351.363861 411.717621 0.014821 
350.650238 414.928986 0.008829 
347.438873 418.853943 0.007768 
351.363861 408.506287 0.012853 
349.579773 411.360809 0.014959 
347.795715 416.356232 0.011328 
348.152527 418.497131 0.009023 
368.491058 401.726776 0.015980 
366.350159 402.083588 0.009557 
347.438873 440.976562 0.009197 
335.663940 409.933533 0.007800 



Keypoints:
Person pose keypoints:
Person 0 (x, y, score):
339.401459 312.986084 0.836235 
268.627594 360.155365 0.709662 
256.963898 360.091125 0.818296 
254.046432 454.410156 0.839167 
327.709808 436.852661 0.800401 
274.619110 360.186829 0.653709 
268.764771 454.559479 0.141972 
315.888855 460.353363 0.291140 
195.023193 531.199524 0.746900 
180.366928 531.252563 0.768484 
227.580292 669.625061 0.766057 
127.394951 787.750488 0.875887 
200.993118 531.171021 0.675729 
242.270004 669.686951 0.783408 
245.309662 814.232727 0.844091 
327.754761 295.213593 0.860949 
0.000000 0.000000 0.000000 
289.382538 292.359619 0.878447 
0.000000 0.000000 0.000000 
313.048584 817.146973 0.596803 
301.265045 814.131226 0.550014 
233.366974 837.678345 0.700479 
159.677597 849.554993 0.773519 
139.099869 840.724060 0.716177 
109.544212 790.628845 0.786341 
 
Right hand keypoints: Array<T>::toString():
327.440460 442.828552 0.028657 
348.557007 415.134735 0.024519 
371.750580 422.750519 0.032020 
370.712067 425.173737 0.019844 
374.173798 422.750519 0.008303 
369.673553 425.519897 0.014342 
373.481445 423.442871 0.010162 
350.634033 448.367310 0.008120 
354.095764 459.098663 0.005018 
353.749603 427.250763 0.010887 
373.135254 449.059662 0.006174 
350.980225 450.098175 0.007004 
352.018738 453.906067 0.005330 
351.326385 430.366333 0.009752 
322.940216 456.329285 0.006730 
350.287872 452.521393 0.009485 
352.711060 458.060150 0.008300 
385.597473 438.674469 0.014411 
383.520447 440.751526 0.011002 
348.903168 452.867554 0.009218 
349.249359 458.060150 0.007719 



Keypoints:
Person pose keypoints:
Person 0 (x, y, score):
339.399292 312.985352 0.835500 
268.630188 360.159882 0.712241 
256.962616 360.086212 0.818002 
254.047867 454.401855 0.838387 
327.725098 436.827240 0.802562 
274.622955 360.199921 0.656904 
268.780609 457.348114 0.146321 
315.909729 460.352844 0.294933 
195.034531 531.205566 0.750514 
180.366577 531.254944 0.769222 
227.572983 669.632202 0.768434 
127.399208 787.751648 0.876255 
201.010483 531.179749 0.680769 
242.273514 669.688171 0.783944 
245.309113 814.232178 0.844090 
327.748871 295.213409 0.860985 
0.000000 0.000000 0.000000 
289.380310 292.359192 0.878498 
0.000000 0.000000 0.000000 
313.047821 817.141968 0.596853 
301.265015 814.127258 0.550217 
233.368484 837.677551 0.701219 
159.675659 849.551025 0.773541 
139.098541 840.720703 0.716157 
109.550323 790.631409 0.784900 
 
Right hand keypoints: Array<T>::toString():
327.807373 442.450897 0.029868 
348.576965 414.758087 0.024956 
371.769714 423.065948 0.032115 
370.731232 425.142914 0.020018 
374.192810 423.065948 0.008220 
369.692749 425.489075 0.015210 
374.885132 449.374115 0.010944 
374.192810 449.374115 0.008482 
354.807861 459.412750 0.004862 
353.423218 427.219849 0.011166 
372.462036 449.027954 0.007903 
365.884979 457.681946 0.007786 
353.769379 454.912659 0.005571 
351.346252 430.335297 0.009994 
370.385071 446.950989 0.007262 
351.346252 451.797241 0.009666 
353.423218 459.066589 0.008754 
385.269958 438.643158 0.015441 
383.539154 441.066254 0.011332 
349.961609 453.181854 0.009394 
350.653931 459.066589 0.008089 



Keypoints:
Person pose keypoints:
Person 0 (x, y, score):
342.352814 316.055817 0.865120 
271.712830 363.126587 0.727955 
268.809845 363.161774 0.905464 
251.167892 457.457367 0.883590 
333.605133 457.379517 0.810600 
277.589325 363.116852 0.580733 
268.681427 454.443298 0.131781 
318.901917 475.131470 0.200921 
192.073685 534.132141 0.691413 
189.181488 537.058289 0.719599 
257.003540 655.002563 0.735572 
150.699020 778.774353 0.799384 
192.084412 531.270935 0.549274 
245.127533 669.741638 0.782635 
251.063080 817.141296 0.801919 
336.580109 298.346375 0.824993 
0.000000 0.000000 0.000000 
298.215759 298.308411 0.862415 
0.000000 0.000000 0.000000 
318.891541 837.659912 0.761842 
313.027100 831.861145 0.649865 
242.133789 837.816650 0.742582 
174.386520 843.622375 0.783234 
153.756210 837.701172 0.706380 
127.224800 778.838745 0.740415 
 
Right hand keypoints: Array<T>::toString():
326.672852 461.928833 0.029449 
344.620941 448.555756 0.045957 
372.774811 453.130737 0.041227 
367.847900 460.169220 0.014763 
375.590210 486.563477 0.009347 
381.220978 468.615387 0.023223 
374.182526 480.580780 0.019108 
374.534424 483.044250 0.017943 
373.830597 484.100006 0.011151 
368.903656 472.134613 0.013962 
366.440186 473.542297 0.024058 
364.680573 485.155792 0.019400 
361.865204 487.267334 0.010536 
365.736359 473.190369 0.014407 
364.328644 474.246155 0.018331 
361.865204 478.821167 0.014417 
360.105591 488.323090 0.014061 
350.955566 472.838470 0.015305 
384.036377 469.319214 0.011099 
360.809418 483.044250 0.012076 
360.105591 486.211548 0.010768 



Keypoints:
Person pose keypoints:
Person 0 (x, y, score):
342.359314 316.048859 0.866456 
271.745911 363.155884 0.734343 
268.803925 363.165802 0.906093 
251.161270 457.499786 0.883914 
336.496582 457.332916 0.812159 
280.523132 363.181763 0.604236 
268.755737 454.432953 0.151850 
318.963898 472.210510 0.220721 
194.985428 534.118896 0.698916 
189.138641 537.024963 0.720042 
251.096634 660.829285 0.719649 
147.935944 781.692505 0.800284 
197.957169 534.057678 0.562888 
245.196045 669.691101 0.778618 
251.061752 817.173706 0.796645 
336.544983 298.343781 0.815011 
342.418365 307.092102 0.061943 
295.372833 298.350525 0.869502 
0.000000 0.000000 0.000000 
318.908508 837.665100 0.764670 
315.818604 831.858215 0.654532 
242.132355 837.844788 0.741768 
174.395721 843.610474 0.786650 
153.756821 837.685364 0.711551 
127.214745 781.744385 0.743711 
 
Right hand keypoints: Array<T>::toString():
329.098938 457.277863 0.039191 
348.110291 444.955688 0.053071 
373.106720 452.348999 0.053100 
368.529907 460.446442 0.015835 
375.571167 485.442871 0.010576 
381.556213 468.191803 0.028072 
374.514984 478.753662 0.023518 
374.162903 482.978424 0.021337 
374.162903 484.034607 0.012077 
368.881989 469.600037 0.018166 
367.473724 474.528931 0.025242 
365.713409 484.738739 0.020907 
361.840729 486.851105 0.011807 
368.177856 472.416534 0.017396 
364.305176 474.528931 0.019690 
362.896912 476.641296 0.015567 
360.080414 487.203156 0.015232 
354.447418 473.120667 0.017750 
383.668610 467.839752 0.012396 
360.080414 479.457794 0.012854 
360.080414 483.330475 0.011535 



Keypoints:
Person pose keypoints:
Person 0 (x, y, score):
351.301483 330.642212 0.804887 
280.579163 377.881683 0.691621 
271.788361 374.961060 0.846675 
254.070740 469.300659 0.810075 
336.553314 472.216583 0.789207 
292.259003 380.744385 0.654912 
271.727203 472.226654 0.195492 
321.815308 495.772583 0.252608 
200.879593 537.097351 0.721356 
195.122238 542.934509 0.739265 
271.762146 652.116150 0.799713 
156.848358 781.708374 0.766718 
206.867096 537.030334 0.592172 
251.032959 672.724365 0.808461 
251.187225 820.091736 0.785003 
342.536835 315.945953 0.932771 
0.000000 0.000000 0.000000 
310.058685 315.844360 0.870640 
0.000000 0.000000 0.000000 
319.025177 837.883850 0.668986 
315.975311 834.843689 0.616905 
242.231003 837.770752 0.745752 
203.952896 831.854431 0.767904 
189.179306 828.879517 0.652898 
136.102936 781.786133 0.725435 
 
Right hand keypoints: Array<T>::toString():
326.094299 477.052277 0.075728 
339.123230 472.826691 0.083920 
373.280182 477.052277 0.051662 
359.194824 458.389221 0.017378 
374.688690 488.672699 0.017783 
373.280182 477.756561 0.065078 
368.350311 488.320557 0.041562 
365.181091 494.306824 0.036169 
359.546967 491.841888 0.018765 
372.575897 489.376953 0.064482 
370.110962 500.997345 0.047013 
363.068298 505.575073 0.054856 
360.955505 507.335754 0.026973 
376.449371 504.518677 0.045977 
373.984436 507.687897 0.039842 
362.011902 510.857086 0.049096 
358.490570 513.674133 0.033536 
381.027100 509.448547 0.041265 
378.210022 511.561340 0.027162 
360.955505 514.026306 0.034860 
359.194824 514.026306 0.023355 



Keypoints:
Person pose keypoints:
Person 0 (x, y, score):
351.316864 330.642181 0.804648 
280.586853 377.890045 0.693763 
271.789490 374.937012 0.845517 
254.077942 469.286469 0.809996 
336.541199 472.220490 0.790495 
292.270386 380.780579 0.663230 
271.748016 475.105865 0.206656 
321.831055 495.746521 0.271882 
200.899597 537.112000 0.721706 
195.120316 542.943115 0.740645 
271.769196 652.094910 0.801849 
156.848236 781.698608 0.767380 
209.773926 537.048645 0.594159 
251.037888 672.734680 0.805452 
251.197418 820.089111 0.784695 
342.538300 315.948700 0.932765 
0.000000 0.000000 0.000000 
310.047974 315.858215 0.871721 
0.000000 0.000000 0.000000 
319.023468 837.899231 0.670968 
315.973480 834.854797 0.621785 
242.237503 837.771606 0.745808 
203.946777 831.852539 0.764421 
189.162216 828.873047 0.648910 
136.109009 781.776978 0.722567 
 
Right hand keypoints: Array<T>::toString():
325.368134 477.414703 0.077003 
339.454712 471.780060 0.083318 
373.262543 477.062531 0.045130 
359.175934 458.397797 0.017679 
359.175934 455.228333 0.015973 
373.262543 477.766846 0.046829 
367.980072 487.627472 0.036465 
362.697601 491.853455 0.030485 
359.528107 492.205627 0.016646 
370.445221 489.740448 0.054829 
368.684387 498.192413 0.036093 
363.754089 503.827057 0.042084 
357.767273 506.996521 0.019513 
375.023346 502.418396 0.035543 
370.445221 505.940033 0.033775 
361.641113 509.461670 0.036534 
357.415131 511.574677 0.028288 
378.897156 508.757355 0.027422 
375.023346 509.109528 0.019879 
360.584595 512.278992 0.034460 
359.175934 512.983337 0.022002 



Keypoints:
Person pose keypoints:
Person 0 (x, y, score):
363.233002 339.579620 0.936442 
292.261749 386.789154 0.772939 
286.446381 386.760559 0.869206 
251.125717 478.030487 0.860282 
333.597137 483.900604 0.847185 
295.316406 389.533813 0.639561 
262.912048 472.187653 0.108502 
324.799774 501.672089 0.112737 
200.966614 545.933960 0.721082 
197.953445 551.710999 0.791947 
295.259796 649.090515 0.879752 
183.288086 790.487061 0.789694 
209.821152 542.968262 0.569700 
268.841919 675.590454 0.751668 
251.181885 817.163025 0.802603 
360.049042 321.879425 0.851954 
0.000000 0.000000 0.000000 
316.052185 324.820709 0.877562 
0.000000 0.000000 0.000000 
318.978882 840.668823 0.687656 
315.919220 834.862976 0.626647 
242.214050 834.745300 0.647275 
221.529770 826.008728 0.616537 
203.959732 823.036072 0.628596 
159.752960 793.613647 0.676589 
 
Right hand keypoints: Array<T>::toString():
324.192749 490.145966 0.038846 
343.938812 487.273804 0.040452 
372.301331 500.916534 0.028315 
373.378387 510.969086 0.020452 
369.788208 515.636353 0.014705 
367.634094 503.070679 0.029945 
367.993103 515.277344 0.032412 
365.120941 518.508484 0.024072 
360.812714 518.149475 0.011053 
364.402893 503.070679 0.017227 
362.607819 513.841248 0.022471 
361.171722 521.380676 0.019497 
360.812714 520.303589 0.009443 
367.993103 498.762421 0.011927 
362.248779 517.431458 0.015729 
359.017609 518.508484 0.012401 
356.863495 521.021606 0.010114 
373.378387 495.172241 0.034361 
371.942322 496.249298 0.016418 
356.504486 519.944580 0.010528 
355.427429 521.021606 0.009629 



Keypoints:
Person pose keypoints:
Person 0 (x, y, score):
363.233002 339.579620 0.936442 
292.261749 386.789154 0.772939 
286.446381 386.760559 0.869206 
251.125717 478.030487 0.860282 
333.597137 483.900604 0.847185 
295.316406 389.533813 0.639561 
262.912048 472.187653 0.108502 
324.799774 501.672089 0.112737 
200.966614 545.933960 0.721082 
197.953445 551.710999 0.791947 
295.259796 649.090515 0.879752 
183.288086 790.487061 0.789694 
209.821152 542.968262 0.569700 
268.841919 675.590454 0.751668 
251.181885 817.163025 0.802603 
360.049042 321.879425 0.851954 
0.000000 0.000000 0.000000 
316.052185 324.820709 0.877562 
0.000000 0.000000 0.000000 
318.978882 840.668823 0.687656 
315.919220 834.862976 0.626647 
242.214050 834.745300 0.647275 
221.529770 826.008728 0.616537 
203.959732 823.036072 0.628596 
159.752960 793.613647 0.676589 
 
Right hand keypoints: Array<T>::toString():
324.192749 490.145966 0.038846 
343.938812 487.273804 0.040452 
372.301331 500.916534 0.028315 
373.378387 510.969086 0.020452 
369.788208 515.636353 0.014705 
367.634094 503.070679 0.029945 
367.993103 515.277344 0.032412 
365.120941 518.508484 0.024072 
360.812714 518.149475 0.011053 
364.402893 503.070679 0.017227 
362.607819 513.841248 0.022471 
361.171722 521.380676 0.019497 
360.812714 520.303589 0.009443 
367.993103 498.762421 0.011927 
362.248779 517.431458 0.015729 
359.017609 518.508484 0.012401 
356.863495 521.021606 0.010114 
373.378387 495.172241 0.034361 
371.942322 496.249298 0.016418 
356.504486 519.944580 0.010528 
355.427429 521.021606 0.009629 



Keypoints:
Person pose keypoints:
Person 0 (x, y, score):
366.052917 348.345459 0.884421 
295.331635 392.689148 0.720730 
292.397919 392.661987 0.875486 
259.961060 483.951752 0.892372 
339.406982 498.711121 0.803487 
301.198486 392.672363 0.612051 
265.798798 481.105988 0.071085 
342.421173 528.142456 0.164291 
200.975845 551.680115 0.724872 
200.928940 551.857910 0.792036 
301.265259 654.957031 0.761190 
224.563461 799.426086 0.768229 
203.912476 548.776489 0.540458 
289.383759 669.623474 0.745532 
254.080505 814.091187 0.767459 
360.216553 339.363708 0.885672 
0.000000 0.000000 0.000000 
319.002045 339.492523 0.927502 
0.000000 0.000000 0.000000 
318.932373 843.634094 0.664656 
315.937195 837.671875 0.603891 
242.282043 831.901733 0.401950 
286.422607 840.678406 0.245333 
233.438965 837.702637 0.253302 
203.976227 814.126770 0.713101 
 
Right hand keypoints: Array<T>::toString():
323.686157 498.606018 0.066736 
331.860504 498.250610 0.038514 
330.794281 493.274933 0.018079 
352.474091 523.839905 0.014039 
367.045746 527.038574 0.013155 
366.690338 514.954712 0.022207 
364.557922 518.864197 0.026606 
360.648438 519.575012 0.032069 
352.829498 520.996643 0.023122 
361.359253 496.828979 0.035287 
363.847107 518.508789 0.035531 
362.070068 521.352051 0.027095 
360.293030 523.129089 0.017124 
367.401154 499.672241 0.068990 
373.087677 507.135773 0.033310 
366.334930 530.237183 0.022671 
355.672760 530.947998 0.016402 
375.575531 508.201996 0.098456 
376.286316 510.689850 0.033263 
364.557922 535.568298 0.018740 
362.780884 534.857483 0.013128 



Keypoints:
Person pose keypoints:
Person 0 (x, y, score):
366.048828 348.324005 0.886687 
295.334076 392.691437 0.718705 
292.383484 392.662598 0.875820 
259.960693 483.953827 0.893950 
339.436188 498.732544 0.809214 
301.219604 392.687836 0.607750 
265.856537 483.909363 0.069714 
342.411041 528.148254 0.163813 
201.000854 551.674377 0.723416 
200.919022 551.855469 0.792061 
301.248138 654.929260 0.763054 
224.569473 799.424377 0.768567 
203.964478 548.771729 0.543436 
289.401062 669.610229 0.744562 
254.071411 814.086975 0.767430 
360.222778 336.633484 0.885794 
0.000000 0.000000 0.000000 
319.011078 339.466705 0.923765 
0.000000 0.000000 0.000000 
318.937317 843.629578 0.663842 
315.941040 837.667603 0.604001 
242.274612 831.897705 0.398490 
286.441803 840.679138 0.247241 
236.351898 837.720825 0.249850 
203.985535 814.127136 0.712021 
 
Right hand keypoints: Array<T>::toString():
323.371155 498.634003 0.065108 
331.900604 497.923218 0.038434 
331.189819 493.303101 0.020477 
352.513489 524.222412 0.013710 
367.084656 527.065552 0.013089 
366.373871 515.337524 0.022047 
365.307678 519.602295 0.026880 
360.687561 519.246887 0.031292 
352.868896 521.023865 0.022549 
361.398346 497.212433 0.035269 
363.886108 518.536072 0.036714 
361.753754 521.379272 0.026730 
358.555206 524.577820 0.017043 
367.440063 500.055573 0.065712 
372.770966 507.874268 0.031246 
366.373871 530.619507 0.021708 
355.356659 530.619507 0.016482 
375.614136 508.229645 0.101236 
375.969513 510.717407 0.031764 
364.241516 535.950439 0.018953 
362.464539 535.239624 0.013222 



Keypoints:
Person pose keypoints:
Person 0 (x, y, score):
366.224548 351.273895 0.856883 
298.353790 404.404053 0.674754 
295.256683 404.373596 0.873466 
268.768768 486.953461 0.904839 
342.455292 501.644409 0.845470 
310.087036 401.464813 0.588331 
283.485138 486.936584 0.072992 
342.438477 528.147827 0.128928 
215.651077 554.786682 0.681522 
203.969742 557.718018 0.748765 
315.880524 669.759705 0.796903 
254.050751 811.156006 0.725816 
221.583633 554.667542 0.585643 
313.050507 666.812683 0.620090 
259.936096 811.180115 0.448332 
363.087585 339.529907 0.933696 
0.000000 0.000000 0.000000 
321.954834 342.469177 0.890486 
0.000000 0.000000 0.000000 
315.997833 831.817139 0.310193 
312.939789 817.228882 0.245364 
224.514648 831.909302 0.227945 
318.798187 834.755737 0.724946 
298.350983 837.745972 0.655975 
236.353073 825.990356 0.629443 
 
Right hand keypoints: Array<T>::toString():
338.775085 512.537170 0.020858 
370.271454 491.857758 0.020757 
352.455322 513.173462 0.012824 
387.769409 512.219055 0.014423 
387.451263 513.173462 0.012497 
388.087555 507.765015 0.022401 
387.451263 509.355743 0.018106 
377.906921 518.900085 0.012525 
378.543213 520.490784 0.010792 
372.816620 503.310974 0.017316 
369.635162 515.082336 0.019246 
377.588776 520.490784 0.015020 
377.270630 521.127075 0.008829 
371.862183 502.674683 0.016465 
367.726288 515.718628 0.016513 
367.408142 517.627502 0.012259 
361.681549 527.808167 0.011818 
387.451263 506.492432 0.021354 
387.769409 509.673889 0.016749 
364.544830 527.171875 0.010929 
361.999695 528.126282 0.010760 



Keypoints:
Person pose keypoints:
Person 0 (x, y, score):
366.224548 351.273895 0.856883 
298.353790 404.404053 0.674754 
295.256683 404.373596 0.873466 
268.768768 486.953461 0.904839 
342.455292 501.644409 0.845470 
310.087036 401.464813 0.588331 
283.485138 486.936584 0.072992 
342.438477 528.147827 0.128928 
215.651077 554.786682 0.681522 
203.969742 557.718018 0.748765 
315.880524 669.759705 0.796903 
254.050751 811.156006 0.725816 
221.583633 554.667542 0.585643 
313.050507 666.812683 0.620090 
259.936096 811.180115 0.448332 
363.087585 339.529907 0.933696 
0.000000 0.000000 0.000000 
321.954834 342.469177 0.890486 
0.000000 0.000000 0.000000 
315.997833 831.817139 0.310193 
312.939789 817.228882 0.245364 
224.514648 831.909302 0.227945 
318.798187 834.755737 0.724946 
298.350983 837.745972 0.655975 
236.353073 825.990356 0.629443 
 
Right hand keypoints: Array<T>::toString():
338.775085 512.537170 0.020858 
370.271454 491.857758 0.020757 
352.455322 513.173462 0.012824 
387.769409 512.219055 0.014423 
387.451263 513.173462 0.012497 
388.087555 507.765015 0.022401 
387.451263 509.355743 0.018106 
377.906921 518.900085 0.012525 
378.543213 520.490784 0.010792 
372.816620 503.310974 0.017316 
369.635162 515.082336 0.019246 
377.588776 520.490784 0.015020 
377.270630 521.127075 0.008829 
371.862183 502.674683 0.016465 
367.726288 515.718628 0.016513 
367.408142 517.627502 0.012259 
361.681549 527.808167 0.011818 
387.451263 506.492432 0.021354 
387.769409 509.673889 0.016749 
364.544830 527.171875 0.010929 
361.999695 528.126282 0.010760 



Keypoints:
Person pose keypoints:
Person 0 (x, y, score):
366.218903 354.238678 0.851320 
301.179810 407.271729 0.673837 
295.300049 407.249481 0.877828 
271.651611 489.901581 0.878489 
345.470673 498.729156 0.797149 
312.893158 404.429779 0.595789 
295.399841 498.757996 0.143546 
351.332703 522.285400 0.240160 
221.552551 557.771606 0.700986 
212.750854 563.605286 0.709894 
316.064575 672.612915 0.814371 
262.869568 814.224304 0.724040 
227.545715 557.648560 0.584931 
315.926636 669.741333 0.624343 
268.774078 811.181885 0.446631 
363.030029 339.621155 0.929513 
0.000000 0.000000 0.000000 
321.824615 342.546417 0.907334 
0.000000 0.000000 0.000000 
321.817749 828.907654 0.316846 
315.974152 817.089844 0.254076 
227.565689 837.738342 0.173015 
321.848846 834.773865 0.739184 
310.096893 837.829102 0.664841 
242.285172 834.809448 0.729830 
 
Right hand keypoints: Array<T>::toString():
338.608917 520.249329 0.038468 
375.507721 490.288788 0.033884 
390.961060 507.319000 0.023083 
390.330292 510.472748 0.013597 
390.961060 512.049622 0.008689 
387.176575 510.157349 0.020449 
386.861176 524.349182 0.015751 
385.915070 525.610718 0.010733 
377.084595 517.410950 0.010664 
384.653564 517.726318 0.013708 
383.076691 522.141602 0.020613 
380.553711 528.133667 0.016920 
374.876953 518.987854 0.010470 
382.761322 519.618591 0.010302 
380.869080 525.295349 0.018038 
378.030701 527.187561 0.014585 
373.615479 527.818298 0.013173 
372.984711 524.979980 0.011527 
372.353973 525.926086 0.012266 
373.930847 528.133667 0.011875 
373.300079 528.133667 0.012288 



Keypoints:
Person pose keypoints:
Person 0 (x, y, score):
366.229584 354.237854 0.847481 
298.352631 407.281219 0.680329 
295.288513 407.250946 0.879909 
271.652466 489.874695 0.879351 
345.482605 498.742126 0.797284 
310.045441 404.433685 0.594116 
298.222412 501.652252 0.145415 
351.328888 522.263672 0.242137 
221.526779 557.767212 0.693622 
212.738098 563.608093 0.707638 
318.785522 672.597290 0.819978 
262.881134 814.211670 0.730880 
227.503632 557.640015 0.575289 
315.860596 669.737915 0.587843 
268.755707 811.166321 0.416758 
363.054108 339.606293 0.930385 
0.000000 0.000000 0.000000 
321.872498 342.515900 0.904528 
0.000000 0.000000 0.000000 
321.791504 828.881409 0.290915 
315.960205 814.277161 0.233527 
227.501480 837.736023 0.167170 
321.881958 834.759216 0.749219 
312.914246 837.817627 0.681202 
242.280533 834.797485 0.731484 
 
Right hand keypoints: Array<T>::toString():
339.266174 520.268799 0.035845 
375.521271 490.318939 0.032612 
390.969116 507.658325 0.021906 
390.338562 510.495697 0.013338 
379.934937 484.013702 0.008477 
386.870697 510.495697 0.019962 
386.870697 524.682495 0.015489 
378.673889 517.116211 0.010681 
375.836548 517.116211 0.010712 
384.979126 517.116211 0.012800 
383.087555 521.845093 0.020135 
380.880737 528.150391 0.016007 
372.999176 518.062012 0.010660 
382.772278 519.322998 0.010127 
380.880737 524.997742 0.017348 
378.358643 527.204590 0.013969 
373.314453 527.519836 0.012809 
372.999176 524.997742 0.011443 
372.999176 526.258789 0.012107 
373.629700 527.835083 0.011658 
373.314453 527.835083 0.011982 



Keypoints:
Person pose keypoints:
Person 0 (x, y, score):
365.962616 348.373199 0.875570 
295.426544 407.237823 0.630991 
295.217102 407.281738 0.867297 
292.326874 504.447479 0.916064 
366.128723 483.975189 0.874418 
301.199005 404.351013 0.514505 
298.309967 504.556152 0.241844 
363.089294 507.532806 0.464342 
227.539413 572.373474 0.687318 
224.599197 575.353455 0.784868 
330.722137 687.361084 0.733082 
256.952148 825.979919 0.657399 
236.382507 566.570190 0.554918 
327.743561 681.551392 0.624437 
271.800659 814.297852 0.528983 
357.165222 339.499481 0.885967 
0.000000 0.000000 0.000000 
316.030060 342.612885 0.920277 
0.000000 0.000000 0.000000 
336.607727 837.887146 0.505544 
330.679810 834.746155 0.425737 
242.253311 837.667725 0.216320 
315.871063 852.430908 0.365567 
289.436523 855.503723 0.316937 
242.162827 837.799500 0.729159 
 
Right hand keypoints: Array<T>::toString():
365.877380 500.042267 0.028650 
365.520782 489.344025 0.026368 
406.530701 477.932556 0.029642 
389.056915 461.171967 0.014697 
388.343689 458.675720 0.014083 
404.034454 481.498627 0.015618 
394.406036 486.847748 0.010939 
383.351196 494.336517 0.009739 
383.351196 495.049744 0.008972 
383.707794 487.204376 0.014218 
392.622986 488.987396 0.014823 
391.196564 488.274200 0.013515 
378.358673 487.560974 0.008817 
388.700317 490.057220 0.009802 
391.909790 491.483673 0.014310 
390.839966 493.266693 0.013328 
386.917267 498.972443 0.011656 
414.732697 477.575958 0.013551 
411.879822 477.575958 0.011294 
391.553162 498.259216 0.010898 
389.770142 498.972443 0.010411 



Keypoints:
Person pose keypoints:
Person 0 (x, y, score):
365.962616 348.373199 0.875570 
295.426544 407.237823 0.630991 
295.217102 407.281738 0.867297 
292.326874 504.447479 0.916064 
366.128723 483.975189 0.874418 
301.199005 404.351013 0.514505 
298.309967 504.556152 0.241844 
363.089294 507.532806 0.464342 
227.539413 572.373474 0.687318 
224.599197 575.353455 0.784868 
330.722137 687.361084 0.733082 
256.952148 825.979919 0.657399 
236.382507 566.570190 0.554918 
327.743561 681.551392 0.624437 
271.800659 814.297852 0.528983 
357.165222 339.499481 0.885967 
0.000000 0.000000 0.000000 
316.030060 342.612885 0.920277 
0.000000 0.000000 0.000000 
336.607727 837.887146 0.505544 
330.679810 834.746155 0.425737 
242.253311 837.667725 0.216320 
315.871063 852.430908 0.365567 
289.436523 855.503723 0.316937 
242.162827 837.799500 0.729159 
 
Right hand keypoints: Array<T>::toString():
365.877380 500.042267 0.028650 
365.520782 489.344025 0.026368 
406.530701 477.932556 0.029642 
389.056915 461.171967 0.014697 
388.343689 458.675720 0.014083 
404.034454 481.498627 0.015618 
394.406036 486.847748 0.010939 
383.351196 494.336517 0.009739 
383.351196 495.049744 0.008972 
383.707794 487.204376 0.014218 
392.622986 488.987396 0.014823 
391.196564 488.274200 0.013515 
378.358673 487.560974 0.008817 
388.700317 490.057220 0.009802 
391.909790 491.483673 0.014310 
390.839966 493.266693 0.013328 
386.917267 498.972443 0.011656 
414.732697 477.575958 0.013551 
411.879822 477.575958 0.011294 
391.553162 498.259216 0.010898 
389.770142 498.972443 0.010411 



Keypoints:
Person pose keypoints:
Person 0 (x, y, score):
363.053162 348.444183 0.863989 
295.462555 410.266693 0.749178 
295.226410 410.326172 0.890873 
321.865906 504.729706 0.890428 
386.565765 454.481567 0.777615 
304.182983 410.167419 0.634373 
324.749603 504.529022 0.313045 
380.771240 478.084442 0.459079 
245.163574 584.186279 0.711049 
242.262375 587.185425 0.712091 
345.501526 687.412109 0.742760 
268.870789 814.150696 0.697813 
248.115509 581.317017 0.579924 
336.529694 690.408142 0.641810 
277.659821 817.134460 0.486237 
348.384369 339.529449 0.882560 
0.000000 0.000000 0.000000 
315.796173 342.581909 0.891153 
0.000000 0.000000 0.000000 
342.582642 849.532227 0.355017 
339.528229 837.722534 0.313990 
242.177475 837.688354 0.277828 
330.655396 855.391968 0.351064 
318.944336 855.423035 0.326292 
245.272903 831.822998 0.663056 
 
Right hand keypoints: Array<T>::toString():
378.049835 457.331146 0.025653 
380.208893 462.009094 0.036034 
421.230865 436.100464 0.027602 
423.389923 437.179993 0.021204 
391.723816 430.343018 0.018742 
392.803345 433.221741 0.032708 
421.230865 439.339050 0.016665 
418.352112 445.456360 0.014886 
410.075775 455.531921 0.011369 
408.636383 448.335083 0.024354 
406.117493 446.176056 0.021890 
409.356079 452.293365 0.020278 
408.996246 455.172089 0.012316 
413.314331 450.854004 0.016586 
405.397827 449.414612 0.019441 
402.878937 449.774475 0.014285 
409.356079 460.209869 0.011058 
392.443512 431.062683 0.018270 
423.389923 436.820160 0.009793 
414.753693 460.929565 0.010208 
410.075775 462.368927 0.009147 



Keypoints:
Person pose keypoints:
Person 0 (x, y, score):
363.053070 348.437317 0.864460 
298.213501 410.274750 0.749187 
295.222260 410.330627 0.890817 
321.888123 504.727539 0.888004 
386.562988 454.453735 0.778240 
307.067322 410.185608 0.638836 
324.774689 504.566101 0.308315 
380.786591 478.108521 0.464717 
245.175430 584.180359 0.712731 
242.257248 587.176453 0.711953 
345.498077 687.407654 0.740643 
268.880310 814.121704 0.690965 
248.136917 581.312927 0.584361 
336.540588 693.176147 0.645771 
277.631866 817.146545 0.490500 
348.380127 339.526550 0.882640 
0.000000 0.000000 0.000000 
315.793884 342.582733 0.891189 
0.000000 0.000000 0.000000 
342.568756 849.580566 0.357758 
339.522736 837.763794 0.314628 
242.202347 837.696899 0.298147 
327.763275 855.420471 0.332992 
318.936279 855.424194 0.307863 
245.286743 831.804321 0.651275 
 
Right hand keypoints: Array<T>::toString():
377.678741 461.613129 0.025177 
379.837830 462.332825 0.038628 
421.219971 436.064148 0.027652 
423.379028 437.143677 0.020482 
391.352844 430.306641 0.019358 
392.432373 433.185394 0.037941 
421.579803 438.942902 0.016659 
394.591461 433.185394 0.013019 
409.345093 455.495758 0.011369 
401.788330 445.779968 0.028015 
405.746643 445.779968 0.022691 
408.625397 451.897308 0.020970 
408.625397 455.135925 0.012843 
414.742737 450.817780 0.018807 
406.106476 449.378418 0.020931 
405.026947 450.098083 0.015008 
410.064758 460.173737 0.011656 
392.432373 430.666473 0.018705 
423.379028 437.143677 0.010370 
414.742737 460.533600 0.010581 
413.663208 461.972961 0.009663 



Keypoints:
Person pose keypoints:
Person 0 (x, y, score):
351.304840 354.238922 0.825205 
295.197083 410.255768 0.751017 
295.220917 410.386932 0.895752 
360.186432 498.703064 0.799337 
389.727112 430.909027 0.771551 
292.352234 407.318359 0.609890 
342.574921 498.768555 0.266921 
389.622345 442.689423 0.345015 
251.182098 593.026123 0.672651 
251.107086 596.035278 0.728464 
366.023560 693.264771 0.800218 
271.610870 817.135681 0.727044 
259.892548 587.168457 0.542360 
339.529144 705.112427 0.558178 
277.627045 820.027527 0.534448 
342.416412 339.578461 0.936581 
0.000000 0.000000 0.000000 
309.976501 342.599335 0.865339 
0.000000 0.000000 0.000000 
342.504944 846.647583 0.456440 
339.450287 837.722351 0.393527 
239.230087 837.641907 0.245580 
330.714661 855.349854 0.564210 
316.028931 858.274536 0.542875 
245.179810 834.804626 0.743675 
 
Right hand keypoints: Array<T>::toString():
389.018280 435.886627 0.033501 
405.106323 441.919617 0.021556 
409.128326 442.724030 0.032148 
410.334930 441.919617 0.014707 
389.822693 444.735046 0.010025 
388.616089 399.286346 0.023179 
389.018280 400.492950 0.012650 
388.213898 400.492950 0.010014 
408.726135 433.071228 0.007582 
404.301910 410.145782 0.019489 
401.888702 421.809601 0.015886 
393.442505 425.831604 0.013403 
409.530518 432.669006 0.007646 
388.616089 398.481964 0.023448 
401.888702 417.385376 0.016492 
401.084320 421.809601 0.011349 
384.996277 414.972168 0.008948 
387.007294 398.481964 0.044492 
385.398499 401.297363 0.016526 
382.583069 410.950165 0.010076 
382.583069 412.961182 0.008846 



Keypoints:
Person pose keypoints:
Person 0 (x, y, score):
351.304840 354.238922 0.825205 
295.197083 410.255768 0.751017 
295.220917 410.386932 0.895752 
360.186432 498.703064 0.799337 
389.727112 430.909027 0.771551 
292.352234 407.318359 0.609890 
342.574921 498.768555 0.266921 
389.622345 442.689423 0.345015 
251.182098 593.026123 0.672651 
251.107086 596.035278 0.728464 
366.023560 693.264771 0.800218 
271.610870 817.135681 0.727044 
259.892548 587.168457 0.542360 
339.529144 705.112427 0.558178 
277.627045 820.027527 0.534448 
342.416412 339.578461 0.936581 
0.000000 0.000000 0.000000 
309.976501 342.599335 0.865339 
0.000000 0.000000 0.000000 
342.504944 846.647583 0.456440 
339.450287 837.722351 0.393527 
239.230087 837.641907 0.245580 
330.714661 855.349854 0.564210 
316.028931 858.274536 0.542875 
245.179810 834.804626 0.743675 
 
Right hand keypoints: Array<T>::toString():
389.018280 435.886627 0.033501 
405.106323 441.919617 0.021556 
409.128326 442.724030 0.032148 
410.334930 441.919617 0.014707 
389.822693 444.735046 0.010025 
388.616089 399.286346 0.023179 
389.018280 400.492950 0.012650 
388.213898 400.492950 0.010014 
408.726135 433.071228 0.007582 
404.301910 410.145782 0.019489 
401.888702 421.809601 0.015886 
393.442505 425.831604 0.013403 
409.530518 432.669006 0.007646 
388.616089 398.481964 0.023448 
401.888702 417.385376 0.016492 
401.084320 421.809601 0.011349 
384.996277 414.972168 0.008948 
387.007294 398.481964 0.044492 
385.398499 401.297363 0.016526 
382.583069 410.950165 0.010076 
382.583069 412.961182 0.008846 



Keypoints:
Person pose keypoints:
Person 0 (x, y, score):
342.541962 348.350006 0.884860 
295.314209 410.209564 0.769641 
298.311188 410.244019 0.868900 
386.593506 466.358093 0.816715 
398.500885 392.664917 0.735774 
292.290192 410.154694 0.643236 
368.984558 475.122162 0.302117 
401.471283 413.235809 0.288150 
271.779999 598.859436 0.733255 
268.717072 601.830811 0.749343 
363.088928 711.033569 0.666453 
268.642395 825.953308 0.716882 
286.424438 595.924316 0.608816 
374.866486 696.268127 0.659812 
286.463531 814.197632 0.683872 
336.531525 339.498871 0.893742 
339.665588 339.353455 0.055827 
295.360138 342.561279 0.931680 
0.000000 0.000000 0.000000 
342.420776 846.626343 0.604437 
336.594513 837.771118 0.533542 
254.054977 825.921509 0.150310 
321.825409 858.286011 0.547134 
312.997955 858.406921 0.471950 
245.021988 834.909729 0.748325 
 
Right hand keypoints: Array<T>::toString():
393.987885 405.185913 0.027993 
419.698975 348.391296 0.026719 
416.245239 399.429688 0.018834 
379.405487 367.962433 0.012992 
375.568024 366.043671 0.010104 
382.859222 373.718628 0.020477 
407.035309 376.788605 0.015444 
376.719269 372.567383 0.014271 
376.335510 367.194916 0.013001 
395.139130 371.032410 0.026370 
406.267822 377.939850 0.022790 
379.405487 372.567383 0.014008 
377.870514 367.194916 0.011234 
388.615448 370.264893 0.026870 
405.500305 379.091095 0.018430 
379.405487 370.648651 0.015365 
393.604156 380.626068 0.011387 
378.638000 370.264893 0.035580 
375.568024 370.264893 0.021053 
378.254242 373.718628 0.026748 
378.254242 373.334869 0.015908 



Keypoints:
Person pose keypoints:
Person 0 (x, y, score):
342.547363 348.352844 0.885045 
295.317261 410.208313 0.767655 
298.320221 410.244934 0.868257 
386.601715 466.363800 0.817755 
398.480347 392.629669 0.744740 
292.288086 410.149567 0.641017 
366.140137 475.108887 0.284882 
401.474792 413.206543 0.272458 
271.764160 598.845825 0.729484 
268.724091 601.815552 0.749577 
363.134644 710.954041 0.662758 
268.661255 825.929810 0.713204 
283.543060 593.099426 0.596816 
371.991821 696.272949 0.643386 
286.450623 814.207520 0.672416 
336.536499 339.500061 0.895772 
339.670441 339.351105 0.058642 
295.370087 342.562836 0.930915 
0.000000 0.000000 0.000000 
342.430298 846.628418 0.592293 
336.598053 837.778015 0.520376 
251.096634 828.857666 0.153155 
321.862305 858.271667 0.543121 
313.036346 858.391174 0.475696 
245.034378 834.902893 0.750468 
 
Right hand keypoints: Array<T>::toString():
394.341492 403.219055 0.031858 
388.201416 387.868866 0.024139 
416.982971 399.381500 0.017056 
379.375061 368.297424 0.013369 
375.153778 366.378632 0.010352 
379.375061 369.064911 0.019592 
407.772888 378.658783 0.016603 
376.688782 372.518707 0.014201 
375.921265 367.529907 0.012507 
399.714050 372.134949 0.024632 
407.005371 378.658783 0.025161 
379.375061 372.518707 0.013654 
398.179016 381.345062 0.010299 
388.585175 369.832428 0.023124 
405.854095 379.042542 0.019619 
379.375061 370.599945 0.014753 
394.725220 380.577545 0.011429 
378.991302 369.448669 0.031495 
375.153778 370.216187 0.020072 
378.223816 373.669983 0.025238 
378.223816 373.286224 0.014997 



Keypoints:
Person pose keypoints:
Person 0 (x, y, score):
339.631958 345.386047 0.881284 
292.369385 407.234222 0.809857 
304.203400 401.479706 0.813318 
407.296356 433.700714 0.837012 
389.611816 354.279602 0.805393 
274.725586 407.297211 0.702368 
342.508911 436.914642 0.117974 
0.000000 0.000000 0.000000 
274.673615 598.978271 0.754042 
295.240906 598.964783 0.740529 
380.771881 702.150146 0.774508 
271.657623 820.095459 0.776093 
256.957886 599.000732 0.657153 
330.641571 719.868042 0.764946 
286.484863 825.981445 0.559667 
330.690369 336.522827 0.825482 
0.000000 0.000000 0.000000 
295.254333 339.519531 0.934157 
0.000000 0.000000 0.000000 
342.502899 852.505798 0.539803 
336.619476 837.919922 0.450209 
239.353592 834.891663 0.134299 
321.902405 855.475098 0.621825 
315.884277 858.280029 0.563645 
245.213821 834.810974 0.766518 
 
Right hand keypoints: Array<T>::toString():
393.285553 356.203369 0.037528 
398.040375 314.994873 0.019677 
369.511414 313.013702 0.032891 
377.039886 310.240051 0.016100 
369.907654 338.372772 0.011347 
372.681305 314.994873 0.029500 
371.492615 344.316315 0.027505 
368.322723 338.372772 0.040379 
369.511414 351.844788 0.022005 
385.757080 337.976532 0.014782 
371.492615 341.938873 0.026944 
369.115173 339.561462 0.027187 
369.511414 338.372772 0.010794 
386.153320 341.938873 0.020682 
369.907654 342.731354 0.022914 
369.115173 341.938873 0.019601 
369.511414 342.335114 0.013950 
369.511414 344.712524 0.014148 
366.341553 342.335114 0.016867 
368.322723 345.901245 0.028429 
369.511414 346.297485 0.017409 



Keypoints:
Person pose keypoints:
Person 0 (x, y, score):
339.631958 345.386047 0.881284 
292.369385 407.234222 0.809857 
304.203400 401.479706 0.813318 
407.296356 433.700714 0.837012 
389.611816 354.279602 0.805393 
274.725586 407.297211 0.702368 
342.508911 436.914642 0.117974 
0.000000 0.000000 0.000000 
274.673615 598.978271 0.754042 
295.240906 598.964783 0.740529 
380.771881 702.150146 0.774508 
271.657623 820.095459 0.776093 
256.957886 599.000732 0.657153 
330.641571 719.868042 0.764946 
286.484863 825.981445 0.559667 
330.690369 336.522827 0.825482 
0.000000 0.000000 0.000000 
295.254333 339.519531 0.934157 
0.000000 0.000000 0.000000 
342.502899 852.505798 0.539803 
336.619476 837.919922 0.450209 
239.353592 834.891663 0.134299 
321.902405 855.475098 0.621825 
315.884277 858.280029 0.563645 
245.213821 834.810974 0.766518 
 
Right hand keypoints: Array<T>::toString():
393.285553 356.203369 0.037528 
398.040375 314.994873 0.019677 
369.511414 313.013702 0.032891 
377.039886 310.240051 0.016100 
369.907654 338.372772 0.011347 
372.681305 314.994873 0.029500 
371.492615 344.316315 0.027505 
368.322723 338.372772 0.040379 
369.511414 351.844788 0.022005 
385.757080 337.976532 0.014782 
371.492615 341.938873 0.026944 
369.115173 339.561462 0.027187 
369.511414 338.372772 0.010794 
386.153320 341.938873 0.020682 
369.907654 342.731354 0.022914 
369.115173 341.938873 0.019601 
369.511414 342.335114 0.013950 
369.511414 344.712524 0.014148 
366.341553 342.335114 0.016867 
368.322723 345.901245 0.028429 
369.511414 346.297485 0.017409 



Keypoints:
Person pose keypoints:
Person 0 (x, y, score):
342.358948 336.530273 0.873825 
295.356262 389.773804 0.793299 
312.986298 389.523438 0.893271 
410.319794 392.539398 0.819887 
386.556946 318.940491 0.774313 
283.513458 392.701111 0.598565 
404.374176 410.220490 0.090589 
0.000000 0.000000 0.000000 
292.219513 590.093018 0.701968 
298.325043 590.102661 0.684998 
380.837952 699.220276 0.791146 
268.835999 823.031311 0.759727 
271.785156 587.199341 0.604769 
333.588348 716.999084 0.758837 
286.481781 825.931335 0.619799 
327.749451 319.054382 0.841187 
342.369019 318.874878 0.068944 
292.470795 330.699829 0.850685 
0.000000 0.000000 0.000000 
342.449432 855.349609 0.623730 
336.582764 840.700378 0.525393 
248.111755 834.764648 0.144890 
318.877014 858.310974 0.605696 
312.938141 858.294739 0.493142 
245.141769 834.887756 0.741428 
 
Right hand keypoints: Array<T>::toString():
385.859955 318.230530 0.050813 
371.927704 275.004822 0.021223 
379.786926 289.294312 0.012051 
379.429688 288.222595 0.011673 
356.923767 299.654175 0.009237 
356.923767 272.861389 0.020822 
362.639557 292.152191 0.019697 
354.065857 305.012726 0.025458 
355.137573 302.154846 0.015195 
357.281006 288.579834 0.022661 
357.995453 298.225220 0.058504 
356.566528 305.727203 0.058352 
355.494812 305.012726 0.025525 
346.206635 281.792328 0.045196 
353.708618 299.654175 0.040888 
354.780334 308.227875 0.061448 
354.065857 310.728546 0.038230 
343.705994 284.650208 0.044960 
346.206635 307.513397 0.061823 
347.992828 308.942352 0.084801 
349.064545 312.514709 0.045827 



Keypoints:
Person pose keypoints:
Person 0 (x, y, score):
342.353424 336.533844 0.874404 
295.358063 389.787170 0.792658 
312.996155 389.528412 0.894126 
410.319641 392.549286 0.820984 
386.595734 318.971924 0.783421 
283.477020 395.511017 0.598100 
404.355194 410.249969 0.089104 
0.000000 0.000000 0.000000 
289.463501 590.099548 0.702246 
298.315521 590.113464 0.686223 
380.847351 699.215393 0.793578 
268.832336 823.030029 0.761482 
271.780609 587.211975 0.606160 
333.576752 716.998901 0.761226 
286.504608 825.921631 0.624867 
327.745819 319.057831 0.841167 
342.382507 318.902405 0.067751 
292.465485 330.698517 0.850914 
0.000000 0.000000 0.000000 
342.457825 855.358582 0.630355 
336.595703 840.706970 0.531404 
248.171188 834.750122 0.141376 
318.854309 858.318726 0.602219 
310.094177 858.304626 0.485973 
245.142181 834.887329 0.742027 
 
Right hand keypoints: Array<T>::toString():
385.553680 316.480682 0.041761 
372.694458 275.402557 0.020836 
380.195679 291.476593 0.014092 
380.552856 288.261780 0.011788 
354.477203 304.335846 0.006571 
368.765228 285.761383 0.016073 
358.049194 298.977814 0.018755 
352.333984 306.836243 0.027599 
354.119995 303.264221 0.013293 
365.907623 292.905396 0.019472 
357.691986 298.977814 0.047619 
355.906006 306.836243 0.048235 
354.477203 305.407440 0.020213 
346.975983 282.189362 0.026674 
354.477203 299.335022 0.032773 
354.834381 308.265045 0.045702 
354.119995 310.765442 0.032479 
344.832764 283.975372 0.032893 
346.618774 307.907837 0.048618 
348.404785 309.336639 0.072003 
349.833588 312.194244 0.032673 



Keypoints:
Person pose keypoints:
Person 0 (x, y, score):
339.633423 319.003326 0.810486 
298.203552 377.855164 0.788703 
318.797394 366.085693 0.907073 
410.314148 362.958557 0.803876 
372.007507 295.205750 0.749142 
277.680542 386.709839 0.659658 
339.548706 404.362701 0.050664 
0.000000 0.000000 0.000000 
298.317932 575.397583 0.718816 
315.996552 575.429199 0.723425 
380.792206 693.340088 0.785915 
271.651978 817.119446 0.761157 
286.448029 575.395386 0.604254 
333.611450 711.015503 0.662160 
289.309998 817.223999 0.564814 
333.641724 313.001099 0.780080 
342.602631 315.859070 0.090291 
295.216919 315.888153 0.900529 
0.000000 0.000000 0.000000 
342.513397 855.350159 0.570140 
339.392120 840.704773 0.476829 
242.259033 831.872559 0.137718 
318.944153 858.302246 0.587345 
315.855103 855.491577 0.486064 
245.166443 831.871155 0.736925 
 
Right hand keypoints: Array<T>::toString():
377.506165 295.690094 0.044337 
367.092560 284.268707 0.069258 
350.296387 274.862854 0.028812 
333.836151 267.472565 0.042408 
343.913849 275.534698 0.021071 
346.601227 276.878387 0.066425 
333.164307 266.464783 0.185783 
335.515778 264.113312 0.028883 
342.234253 277.214325 0.011897 
349.624542 276.542480 0.017475 
338.875000 257.730774 0.063049 
339.546844 251.348236 0.022928 
349.624542 270.831787 0.014169 
352.311920 277.214325 0.013724 
338.539093 259.410400 0.035133 
342.570160 252.691940 0.027723 
349.624542 270.159943 0.017278 
342.234253 283.596863 0.010976 
334.172089 264.113312 0.025995 
347.609009 257.394867 0.020366 
348.280853 257.730774 0.014324 



Keypoints:
Person pose keypoints:
Person 0 (x, y, score):
339.633423 319.003326 0.810486 
298.203552 377.855164 0.788703 
318.797394 366.085693 0.907073 
410.314148 362.958557 0.803876 
372.007507 295.205750 0.749142 
277.680542 386.709839 0.659658 
339.548706 404.362701 0.050664 
0.000000 0.000000 0.000000 
298.317932 575.397583 0.718816 
315.996552 575.429199 0.723425 
380.792206 693.340088 0.785915 
271.651978 817.119446 0.761157 
286.448029 575.395386 0.604254 
333.611450 711.015503 0.662160 
289.309998 817.223999 0.564814 
333.641724 313.001099 0.780080 
342.602631 315.859070 0.090291 
295.216919 315.888153 0.900529 
0.000000 0.000000 0.000000 
342.513397 855.350159 0.570140 
339.392120 840.704773 0.476829 
242.259033 831.872559 0.137718 
318.944153 858.302246 0.587345 
315.855103 855.491577 0.486064 
245.166443 831.871155 0.736925 
 
Right hand keypoints: Array<T>::toString():
377.506165 295.690094 0.044337 
367.092560 284.268707 0.069258 
350.296387 274.862854 0.028812 
333.836151 267.472565 0.042408 
343.913849 275.534698 0.021071 
346.601227 276.878387 0.066425 
333.164307 266.464783 0.185783 
335.515778 264.113312 0.028883 
342.234253 277.214325 0.011897 
349.624542 276.542480 0.017475 
338.875000 257.730774 0.063049 
339.546844 251.348236 0.022928 
349.624542 270.831787 0.014169 
352.311920 277.214325 0.013724 
338.539093 259.410400 0.035133 
342.570160 252.691940 0.027723 
349.624542 270.159943 0.017278 
342.234253 283.596863 0.010976 
334.172089 264.113312 0.025995 
347.609009 257.394867 0.020366 
348.280853 257.730774 0.014324 



Keypoints:
Person pose keypoints:
Person 0 (x, y, score):
345.401550 292.412292 0.822895 
307.110596 357.151794 0.772675 
321.880249 342.614258 0.873908 
416.287537 318.791565 0.829597 
371.938293 262.883820 0.740973 
289.394012 363.124054 0.699209 
407.338989 318.924896 0.097782 
386.613892 292.312073 0.085361 
312.970978 548.799316 0.718200 
321.841858 548.877136 0.716139 
366.038879 675.703064 0.730942 
271.831207 814.055603 0.755558 
295.262756 545.923462 0.623087 
336.523651 690.358093 0.638627 
286.469727 814.160034 0.569807 
336.618042 280.607361 0.761274 
345.479645 286.424042 0.154395 
295.392181 292.290405 0.833927 
0.000000 0.000000 0.000000 
348.344757 855.385681 0.486985 
342.388275 840.689331 0.414994 
245.095718 826.002502 0.216389 
324.768829 858.370178 0.534445 
315.911163 858.369934 0.453110 
248.108978 823.001526 0.704961 
 
Right hand keypoints: Array<T>::toString():
375.162384 265.508301 0.050499 
361.589264 248.006134 0.025252 
344.801483 258.721741 0.028150 
358.374573 263.007996 0.014326 
345.873047 234.075836 0.007113 
349.802094 259.793304 0.015050 
346.944580 259.078949 0.011583 
346.944580 259.436127 0.008817 
346.944580 261.936432 0.005368 
333.371490 214.073349 0.009584 
338.729279 231.932709 0.010048 
344.444275 250.149261 0.007818 
344.801483 261.222076 0.003172 
333.014282 213.716156 0.012745 
332.657104 231.218338 0.010490 
347.301788 245.505829 0.010113 
347.301788 245.148636 0.008220 
346.230225 258.364563 0.022949 
329.085236 238.362076 0.014913 
329.442413 239.790833 0.022999 
329.442413 239.433640 0.012558 



Keypoints:
Person pose keypoints:
Person 0 (x, y, score):
345.390076 292.399963 0.824852 
307.120117 357.151642 0.773157 
321.897308 342.614075 0.870605 
419.088654 318.779236 0.825929 
369.106293 262.824280 0.743922 
289.393463 363.122101 0.699984 
407.343719 318.932281 0.094964 
383.773285 289.413483 0.087162 
312.964569 548.799805 0.718737 
321.834412 548.879333 0.717830 
366.025848 675.717163 0.733344 
271.859772 811.331055 0.754112 
295.260101 545.924316 0.623573 
336.515076 690.371521 0.647226 
286.448547 814.177673 0.563822 
336.609558 280.596008 0.759872 
345.478394 286.402313 0.156729 
295.382599 292.294922 0.835892 
0.000000 0.000000 0.000000 
348.350647 855.387390 0.471965 
342.391357 840.680298 0.399678 
245.079300 826.019531 0.222538 
324.839813 858.362732 0.537918 
315.956970 858.369629 0.462826 
248.119919 822.998535 0.702563 
 
Right hand keypoints: Array<T>::toString():
374.638672 266.018585 0.051766 
362.891174 251.701324 0.024826 
346.004150 258.309296 0.028478 
347.839691 255.005310 0.024327 
349.308136 260.511963 0.009365 
348.573914 257.575073 0.017886 
346.738373 258.676392 0.012642 
347.105469 259.043518 0.010598 
347.472595 261.980377 0.007792 
345.269928 219.762833 0.010263 
339.396179 231.510330 0.008585 
342.700165 248.397339 0.010702 
347.105469 260.879059 0.006057 
333.155334 213.154861 0.015041 
344.902832 224.168137 0.010535 
347.105469 256.473755 0.010989 
347.105469 259.410614 0.009612 
331.686890 213.889084 0.026301 
329.851349 236.282745 0.013678 
329.484253 239.219620 0.017992 
345.637054 259.410614 0.011721 



Keypoints:
Person pose keypoints:
Person 0 (x, y, score):
348.428253 271.872528 0.816894 
310.089630 339.543793 0.841602 
330.659912 330.717560 0.818991 
428.009399 298.300659 0.793099 
380.791779 245.201767 0.779233 
289.361359 342.627228 0.695043 
0.000000 0.000000 0.000000 
0.000000 0.000000 0.000000 
315.852814 531.145447 0.759709 
333.567810 531.210693 0.716974 
360.210358 669.589600 0.776736 
277.614685 811.146179 0.767561 
295.227386 531.091797 0.691112 
339.397339 669.715698 0.710310 
283.548828 811.123718 0.608576 
339.579071 265.768066 0.842536 
357.223328 265.778870 0.101170 
298.370605 271.879211 0.822500 
0.000000 0.000000 0.000000 
345.384033 849.556946 0.339902 
339.457397 837.683289 0.302923 
248.020340 814.321716 0.269396 
339.495972 855.370850 0.663761 
321.865814 855.449524 0.576568 
254.017746 817.170898 0.689501 
 
Right hand keypoints: Array<T>::toString():
344.884125 231.066772 0.023961 
339.614471 237.465637 0.015885 
364.080719 228.431946 0.023765 
354.670624 253.274612 0.043031 
378.384094 257.415070 0.017863 
349.400970 250.263382 0.017223 
350.906586 254.780228 0.089484 
362.951508 253.274612 0.195951 
373.867249 256.285858 0.347357 
348.271759 237.842041 0.009532 
346.389740 255.909439 0.012898 
366.715546 244.617325 0.015119 
370.479614 256.285858 0.013603 
345.636932 228.808350 0.010901 
345.636932 238.594849 0.011858 
347.518951 238.218445 0.008546 
374.996460 257.038666 0.015461 
343.754913 240.853271 0.013483 
349.400970 255.156631 0.019767 
362.575104 253.274612 0.032801 
374.243652 256.285858 0.042734 



Keypoints:
Person pose keypoints:
Person 0 (x, y, score):
348.428253 271.872528 0.816894 
310.089630 339.543793 0.841602 
330.659912 330.717560 0.818991 
428.009399 298.300659 0.793099 
380.791779 245.201767 0.779233 
289.361359 342.627228 0.695043 
0.000000 0.000000 0.000000 
0.000000 0.000000 0.000000 
315.852814 531.145447 0.759709 
333.567810 531.210693 0.716974 
360.210358 669.589600 0.776736 
277.614685 811.146179 0.767561 
295.227386 531.091797 0.691112 
339.397339 669.715698 0.710310 
283.548828 811.123718 0.608576 
339.579071 265.768066 0.842536 
357.223328 265.778870 0.101170 
298.370605 271.879211 0.822500 
0.000000 0.000000 0.000000 
345.384033 849.556946 0.339902 
339.457397 837.683289 0.302923 
248.020340 814.321716 0.269396 
339.495972 855.370850 0.663761 
321.865814 855.449524 0.576568 
254.017746 817.170898 0.689501 
 
Right hand keypoints: Array<T>::toString():
344.884125 231.066772 0.023961 
339.614471 237.465637 0.015885 
364.080719 228.431946 0.023765 
354.670624 253.274612 0.043031 
378.384094 257.415070 0.017863 
349.400970 250.263382 0.017223 
350.906586 254.780228 0.089484 
362.951508 253.274612 0.195951 
373.867249 256.285858 0.347357 
348.271759 237.842041 0.009532 
346.389740 255.909439 0.012898 
366.715546 244.617325 0.015119 
370.479614 256.285858 0.013603 
345.636932 228.808350 0.010901 
345.636932 238.594849 0.011858 
347.518951 238.218445 0.008546 
374.996460 257.038666 0.015461 
343.754913 240.853271 0.013483 
349.400970 255.156631 0.019767 
362.575104 253.274612 0.032801 
374.243652 256.285858 0.042734 



Keypoints:
Person pose keypoints:
Person 0 (x, y, score):
357.182587 248.226181 0.851972 
315.977203 313.045074 0.887691 
339.609894 298.234528 0.858387 
427.980988 265.756287 0.772209 
389.536194 198.094803 0.794764 
292.281952 319.010620 0.737363 
419.080963 265.782684 0.120136 
0.000000 0.000000 0.000000 
321.877838 504.519257 0.745739 
342.404938 504.545929 0.751204 
348.379456 646.099854 0.803069 
292.253479 793.556091 0.787130 
307.080566 501.723053 0.673315 
327.792175 646.122925 0.779644 
295.269745 793.534851 0.674477 
342.509308 242.163528 0.876188 
354.216095 242.247604 0.094448 
307.092529 248.024460 0.821436 
0.000000 0.000000 0.000000 
342.595612 852.432007 0.512728 
342.403595 837.731750 0.476967 
259.936249 805.244629 0.236806 
327.772491 849.551575 0.599189 
315.970673 846.553528 0.533360 
268.723663 808.200989 0.689932 
 
Right hand keypoints: Array<T>::toString():
380.994080 196.144424 0.033153 
380.648682 185.437378 0.017520 
362.688477 199.598312 0.025470 
366.833160 196.144424 0.014758 
363.724670 198.562149 0.006012 
369.250885 185.091995 0.009525 
343.001343 182.674271 0.009109 
355.780731 188.891266 0.009545 
340.238251 180.947342 0.007519 
356.126099 183.019669 0.010983 
353.363007 185.782776 0.008510 
356.126099 192.690536 0.013528 
355.780731 189.582047 0.005700 
354.053772 182.328888 0.011921 
352.672211 190.272827 0.011484 
353.708405 190.272827 0.013111 
357.162262 189.236664 0.010427 
355.435333 187.509720 0.012217 
353.017609 191.999771 0.013606 
353.017609 191.308990 0.020537 
353.363007 191.308990 0.013241 



Keypoints:
Person pose keypoints:
Person 0 (x, y, score):
357.159485 248.220474 0.852593 
315.955902 313.042511 0.890471 
339.617279 298.235138 0.857950 
427.990845 265.738251 0.772158 
386.814850 198.086456 0.795155 
292.239563 319.012909 0.738735 
419.097107 265.769226 0.118548 
0.000000 0.000000 0.000000 
321.862701 504.508789 0.746085 
342.410339 504.530975 0.750249 
348.367218 646.083496 0.802221 
292.258545 793.541443 0.787994 
304.201202 501.705322 0.675737 
327.790985 646.114441 0.777305 
295.258911 793.522339 0.676648 
342.495361 242.164383 0.876569 
351.337891 242.256485 0.096480 
307.096252 248.019379 0.820335 
0.000000 0.000000 0.000000 
342.576691 852.431091 0.510715 
342.386932 837.733398 0.471547 
259.929230 802.418152 0.242310 
327.758301 849.548889 0.595499 
315.963013 843.716675 0.530835 
268.731354 808.185791 0.687389 
 
Right hand keypoints: Array<T>::toString():
380.480621 196.486603 0.031206 
378.408112 184.396881 0.016860 
362.864166 199.595383 0.026770 
368.390900 194.759491 0.015547 
363.555023 198.559128 0.006661 
368.736328 190.269028 0.011013 
343.866028 184.742294 0.008711 
343.866028 184.742294 0.009975 
340.757263 183.706039 0.008316 
353.883240 181.633514 0.011130 
353.537811 185.778564 0.008802 
355.955750 192.341553 0.015197 
355.955750 189.578186 0.006466 
352.501556 182.324356 0.013470 
352.501556 190.614456 0.012655 
352.846985 190.614456 0.014075 
356.992035 190.614456 0.010977 
341.448090 180.251831 0.013165 
352.501556 192.341553 0.014749 
352.846985 191.650711 0.023241 
352.846985 191.650711 0.014404 



Keypoints:
Person pose keypoints:
Person 0 (x, y, score):
360.050323 204.001907 0.739896 
318.957458 268.819275 0.868236 
342.476715 256.963043 0.833151 
430.843567 200.962799 0.852681 
413.159515 106.742088 0.871159 
295.358582 277.639526 0.701085 
0.000000 0.000000 0.000000 
0.000000 0.000000 0.000000 
336.530060 460.422821 0.749334 
348.434753 460.503174 0.690181 
342.456879 616.585571 0.766804 
310.067993 769.978027 0.747482 
315.980469 460.383545 0.711985 
321.806366 607.786743 0.774863 
304.195099 764.064575 0.690533 
342.504852 198.104340 0.818618 
354.231171 198.081894 0.197223 
312.932922 218.559418 0.789889 
0.000000 0.000000 0.000000 
354.258331 834.827209 0.322328 
348.415741 820.053894 0.278631 
274.651398 772.888672 0.350324 
348.377625 837.752136 0.713863 
342.413513 834.856567 0.607433 
289.424866 787.513794 0.669376 
 
Right hand keypoints: Array<T>::toString():
454.605469 43.607124 0.017002 
424.126373 49.859245 0.029816 
421.000305 61.581978 0.035750 
417.483490 65.880310 0.030405 
373.327881 67.834099 0.012715 
428.424713 117.460327 0.041151 
428.815460 117.851082 0.014757 
374.500153 65.098793 0.011242 
373.718628 69.787888 0.011579 
427.643188 119.023354 0.019955 
377.235443 62.363491 0.017136 
381.533783 66.661827 0.014652 
374.500153 69.787888 0.012079 
377.235443 65.098793 0.016884 
377.626221 67.052582 0.019063 
380.752258 68.615616 0.020737 
377.626221 69.397133 0.015283 
375.281647 64.708038 0.013013 
372.155609 66.271072 0.012751 
380.361511 70.569405 0.022139 
380.361511 70.178642 0.015592 



Keypoints:
Person pose keypoints:
Person 0 (x, y, score):
360.050323 204.001907 0.739896 
318.957458 268.819275 0.868236 
342.476715 256.963043 0.833151 
430.843567 200.962799 0.852681 
413.159515 106.742088 0.871159 
295.358582 277.639526 0.701085 
0.000000 0.000000 0.000000 
0.000000 0.000000 0.000000 
336.530060 460.422821 0.749334 
348.434753 460.503174 0.690181 
342.456879 616.585571 0.766804 
310.067993 769.978027 0.747482 
315.980469 460.383545 0.711985 
321.806366 607.786743 0.774863 
304.195099 764.064575 0.690533 
342.504852 198.104340 0.818618 
354.231171 198.081894 0.197223 
312.932922 218.559418 0.789889 
0.000000 0.000000 0.000000 
354.258331 834.827209 0.322328 
348.415741 820.053894 0.278631 
274.651398 772.888672 0.350324 
348.377625 837.752136 0.713863 
342.413513 834.856567 0.607433 
289.424866 787.513794 0.669376 
 
Right hand keypoints: Array<T>::toString():
454.605469 43.607124 0.017002 
424.126373 49.859245 0.029816 
421.000305 61.581978 0.035750 
417.483490 65.880310 0.030405 
373.327881 67.834099 0.012715 
428.424713 117.460327 0.041151 
428.815460 117.851082 0.014757 
374.500153 65.098793 0.011242 
373.718628 69.787888 0.011579 
427.643188 119.023354 0.019955 
377.235443 62.363491 0.017136 
381.533783 66.661827 0.014652 
374.500153 69.787888 0.012079 
377.235443 65.098793 0.016884 
377.626221 67.052582 0.019063 
380.752258 68.615616 0.020737 
377.626221 69.397133 0.015283 
375.281647 64.708038 0.013013 
372.155609 66.271072 0.012751 
380.361511 70.569405 0.022139 
380.361511 70.178642 0.015592 



Keypoints:
Person pose keypoints:
Person 0 (x, y, score):
363.026642 192.161407 0.576629 
321.842010 248.175354 0.795882 
342.455109 245.042557 0.855778 
433.869446 150.947708 0.855112 
436.682892 65.364410 0.773303 
298.335236 259.881348 0.623502 
0.000000 0.000000 0.000000 
0.000000 0.000000 0.000000 
336.535828 439.813751 0.719261 
348.442139 442.719055 0.652180 
345.486816 595.982483 0.762553 
315.879089 752.255249 0.753209 
315.969971 439.743408 0.689067 
321.912079 593.010498 0.762490 
310.039215 743.499756 0.695016 
348.351349 180.359329 0.660128 
363.177612 177.462479 0.086294 
316.056671 197.963150 0.900852 
0.000000 0.000000 0.000000 
357.169983 820.029236 0.384454 
351.384521 811.188721 0.329678 
286.479309 758.099854 0.374414 
345.519257 817.117676 0.567627 
342.563446 814.190186 0.516771 
295.321838 766.911621 0.631143 
 
Right hand keypoints: Array<T>::toString():
417.398315 35.678135 0.043623 
424.135986 49.153473 0.020752 
472.743439 32.790562 0.016225 
425.579773 84.285606 0.022253 
444.348969 38.565708 0.009203 
436.167511 52.041046 0.026057 
447.717804 52.522308 0.039083 
426.061035 83.323082 0.026479 
426.542297 65.516388 0.013591 
443.386444 58.778717 0.018609 
443.867706 58.778717 0.030830 
427.023560 80.916771 0.027037 
426.061035 65.997650 0.015443 
443.386444 60.703766 0.017275 
441.942657 64.072601 0.031980 
431.354889 78.510460 0.024259 
424.135986 68.885223 0.015032 
443.386444 50.597260 0.016766 
443.386444 71.772797 0.020250 
442.905182 73.697838 0.030560 
442.905182 73.697838 0.016077 



Keypoints:
Person pose keypoints:
Person 0 (x, y, score):
363.005829 194.966217 0.568991 
321.848114 248.166153 0.794517 
342.462524 242.285995 0.855765 
433.874512 150.942444 0.861425 
433.995544 65.332405 0.774683 
298.343414 259.874359 0.621710 
0.000000 0.000000 0.000000 
0.000000 0.000000 0.000000 
336.536926 439.812134 0.718879 
348.438599 442.717743 0.651529 
345.450195 596.006226 0.767088 
315.875641 752.260254 0.752925 
315.974579 439.741180 0.688444 
321.915833 593.026733 0.763239 
310.045593 743.522949 0.695360 
348.337280 180.376862 0.656547 
363.171478 177.497162 0.084213 
316.051727 197.968597 0.902695 
0.000000 0.000000 0.000000 
357.170776 820.025513 0.379548 
351.381653 811.182983 0.327911 
286.484558 758.144287 0.374772 
348.326111 817.121704 0.569768 
342.553589 814.198975 0.518566 
295.320648 766.922180 0.631211 
 
Right hand keypoints: Array<T>::toString():
417.443085 36.132957 0.034312 
470.064758 23.807163 0.020496 
473.383240 31.392267 0.017948 
426.924469 84.013916 0.017442 
427.872620 82.117645 0.008895 
435.931793 51.303162 0.022124 
447.309448 52.251301 0.033737 
435.931793 51.303162 0.022721 
426.450409 65.051163 0.013069 
443.516876 59.836403 0.015431 
444.465027 58.414196 0.028036 
427.398529 80.221367 0.022331 
425.976349 65.525230 0.014337 
443.516876 60.784542 0.015685 
441.146545 65.051163 0.026792 
431.665161 77.376953 0.020664 
424.554138 67.895576 0.014535 
445.413177 54.147575 0.014200 
443.042816 72.636261 0.020172 
443.042816 74.532539 0.028743 
443.042816 74.058472 0.015058 



Keypoints:
Person pose keypoints:
Person 0 (x, y, score):
365.960449 180.340591 0.445871 
327.730865 239.230515 0.713963 
342.609283 224.627853 0.818537 
407.314423 171.390945 0.736980 
436.855621 82.987976 0.582737 
310.021301 245.211639 0.584485 
0.000000 0.000000 0.000000 
0.000000 0.000000 0.000000 
339.365784 427.964569 0.725971 
360.053741 430.831573 0.669557 
360.068115 581.246277 0.794818 
315.797913 740.523010 0.801694 
315.941803 425.063904 0.687554 
324.816833 578.372620 0.799377 
318.971985 740.493347 0.702398 
360.208282 174.296417 0.657499 
369.091583 174.266190 0.064123 
327.741119 177.476166 0.831388 
0.000000 0.000000 0.000000 
357.270416 805.259705 0.571838 
354.310516 790.673645 0.504038 
295.369293 752.263184 0.220164 
342.368500 793.635437 0.486032 
339.519562 790.602051 0.437092 
292.369781 749.385559 0.672701 
 
Right hand keypoints: Array<T>::toString():
445.084503 77.370331 0.019827 
472.439087 34.058910 0.037612 
465.980377 43.177105 0.035550 
435.206482 54.574848 0.042608 
432.926910 51.535450 0.018315 
454.582642 51.155525 0.035761 
435.586395 67.112366 0.039436 
433.686768 53.814999 0.056188 
431.787140 47.356277 0.033402 
453.822784 50.395676 0.020863 
442.425049 68.632065 0.026041 
446.604218 72.811234 0.018115 
435.206482 43.936954 0.013116 
453.062927 46.596428 0.017026 
444.324677 66.732437 0.019210 
448.123901 64.452888 0.018499 
434.066681 46.216503 0.012493 
430.267456 67.872215 0.025711 
432.546997 54.574848 0.017148 
432.546997 54.954773 0.045611 
432.167084 54.574848 0.018937 



Keypoints:
Person pose keypoints:
Person 0 (x, y, score):
365.960449 180.340591 0.445871 
327.730865 239.230515 0.713963 
342.609283 224.627853 0.818537 
407.314423 171.390945 0.736980 
436.855621 82.987976 0.582737 
310.021301 245.211639 0.584485 
0.000000 0.000000 0.000000 
0.000000 0.000000 0.000000 
339.365784 427.964569 0.725971 
360.053741 430.831573 0.669557 
360.068115 581.246277 0.794818 
315.797913 740.523010 0.801694 
315.941803 425.063904 0.687554 
324.816833 578.372620 0.799377 
318.971985 740.493347 0.702398 
360.208282 174.296417 0.657499 
369.091583 174.266190 0.064123 
327.741119 177.476166 0.831388 
0.000000 0.000000 0.000000 
357.270416 805.259705 0.571838 
354.310516 790.673645 0.504038 
295.369293 752.263184 0.220164 
342.368500 793.635437 0.486032 
339.519562 790.602051 0.437092 
292.369781 749.385559 0.672701 
 
Right hand keypoints: Array<T>::toString():
445.084503 77.370331 0.019827 
472.439087 34.058910 0.037612 
465.980377 43.177105 0.035550 
435.206482 54.574848 0.042608 
432.926910 51.535450 0.018315 
454.582642 51.155525 0.035761 
435.586395 67.112366 0.039436 
433.686768 53.814999 0.056188 
431.787140 47.356277 0.033402 
453.822784 50.395676 0.020863 
442.425049 68.632065 0.026041 
446.604218 72.811234 0.018115 
435.206482 43.936954 0.013116 
453.062927 46.596428 0.017026 
444.324677 66.732437 0.019210 
448.123901 64.452888 0.018499 
434.066681 46.216503 0.012493 
430.267456 67.872215 0.025711 
432.546997 54.574848 0.017148 
432.546997 54.954773 0.045611 
432.167084 54.574848 0.018937 



Keypoints:
Person pose keypoints:
Person 0 (x, y, score):
371.990845 174.409332 0.464071 
336.572388 224.634476 0.791494 
351.385468 221.551743 0.743905 
416.271210 106.674644 0.755747 
460.393646 36.031807 0.812094 
315.877533 236.293549 0.666337 
0.000000 0.000000 0.000000 
0.000000 0.000000 0.000000 
339.529510 413.287842 0.758264 
363.075897 413.318787 0.720992 
363.139435 569.434387 0.786851 
315.952209 731.620972 0.780175 
315.990845 413.238464 0.726923 
330.694092 572.358215 0.748743 
318.991486 719.905457 0.685418 
366.070526 156.851486 0.697711 
0.000000 0.000000 0.000000 
336.576874 171.451080 0.835024 
0.000000 0.000000 0.000000 
366.010010 790.610535 0.510912 
363.108185 781.758362 0.424593 
295.245178 734.561340 0.215650 
354.272034 787.722412 0.563045 
348.359619 787.548279 0.483782 
292.441193 743.325256 0.723855 
 
Right hand keypoints: Array<T>::toString():
445.429962 58.215813 0.013041 
486.086090 27.723715 0.012660 
488.506104 19.011686 0.025619 
466.242035 33.047733 0.027878 
468.178040 33.047733 0.014448 
467.210022 30.143723 0.091715 
465.274017 32.079727 0.141597 
454.141998 50.955791 0.040703 
511.254181 46.599777 0.036243 
459.950012 33.047733 0.040745 
455.593994 37.887749 0.059618 
445.913971 54.343803 0.018576 
509.318176 47.083778 0.014568 
457.529999 35.467739 0.028681 
456.078003 39.823753 0.040349 
453.657990 45.631775 0.016307 
508.350159 46.115776 0.020650 
461.402008 37.403748 0.027914 
491.894104 36.919746 0.021329 
499.154144 42.727764 0.037739 
507.866150 45.631775 0.024649 



Keypoints:
Person pose keypoints:
Person 0 (x, y, score):
371.978424 174.382263 0.448066 
336.570862 224.632111 0.793630 
354.245087 221.524582 0.744100 
416.281860 106.689896 0.752653 
460.407166 36.006382 0.819313 
315.864441 236.308624 0.668329 
0.000000 0.000000 0.000000 
0.000000 0.000000 0.000000 
339.534821 413.288910 0.758950 
363.085907 413.316467 0.722868 
363.138824 569.438049 0.787113 
315.956635 731.625977 0.781841 
315.991211 413.243500 0.727293 
330.702271 572.361328 0.748055 
318.987427 719.898865 0.688535 
366.084045 156.811600 0.683619 
0.000000 0.000000 0.000000 
336.621552 171.440796 0.829602 
0.000000 0.000000 0.000000 
366.016998 790.599060 0.498333 
363.104156 781.739075 0.412246 
295.240967 734.546936 0.216844 
354.306244 787.729797 0.574857 
348.376984 787.563293 0.493819 
292.447693 743.322876 0.724940 
 
Right hand keypoints: Array<T>::toString():
445.761017 57.689072 0.015428 
486.459961 27.523972 0.013281 
472.095642 32.790894 0.026698 
467.307526 32.790894 0.029511 
468.743958 33.269703 0.015296 
467.307526 30.396837 0.092172 
465.871094 32.312080 0.135343 
454.858429 50.028095 0.043556 
510.879333 46.676418 0.028412 
459.646545 33.269703 0.043191 
455.816040 37.579006 0.065349 
446.718628 53.379772 0.020118 
509.921722 47.155228 0.013902 
457.731293 35.184948 0.033572 
456.294861 39.494247 0.044017 
453.900818 45.239983 0.017141 
507.527649 47.634037 0.017646 
461.561798 37.100193 0.035227 
457.252472 35.663761 0.022440 
499.387878 42.845928 0.031273 
508.006470 45.239983 0.015592 



Keypoints:
Person pose keypoints:
Person 0 (x, y, score):
383.691864 156.764709 0.585283 
339.470032 218.569946 0.812174 
360.190765 201.123596 0.801919 
430.816864 103.744102 0.802890 
460.555084 35.874454 0.829937 
315.888031 224.456512 0.728341 
0.000000 0.000000 0.000000 
0.000000 0.000000 0.000000 
342.400574 410.275391 0.767501 
365.936615 410.320312 0.724135 
363.121613 563.627258 0.785419 
318.943390 722.770813 0.802880 
318.882874 410.239655 0.737524 
333.676422 560.659790 0.723376 
324.842316 716.778320 0.684924 
369.021942 150.792206 0.798811 
386.615479 151.006195 0.058065 
339.568420 156.772247 0.848164 
0.000000 0.000000 0.000000 
374.923920 769.964905 0.399687 
371.986176 761.108337 0.387901 
295.408264 719.823303 0.255425 
368.973022 775.849548 0.690804 
357.237213 775.859924 0.605466 
295.401276 734.586792 0.700853 
 
Right hand keypoints: Array<T>::toString():
446.538574 27.599024 0.053924 
461.984009 29.805515 0.031566 
493.316193 29.364218 0.088510 
471.692566 27.157724 0.041937 
505.672546 28.922918 0.014601 
489.785828 10.829681 0.100672 
470.809998 24.068636 0.059243 
471.692566 25.833830 0.018716 
458.453613 29.364218 0.007158 
492.874908 11.270980 0.048140 
468.162201 24.951233 0.024103 
468.603485 23.627337 0.010033 
463.307922 28.481621 0.005447 
491.992310 10.829681 0.047211 
471.692566 22.303442 0.030437 
478.312042 25.392530 0.015285 
479.194641 28.040321 0.011500 
465.514404 23.186039 0.056023 
473.016479 21.862143 0.058552 
477.429474 21.862143 0.037497 
479.194641 27.599024 0.017816 



Keypoints:
Person pose keypoints:
Person 0 (x, y, score):
386.615143 153.848358 0.640733 
342.422241 212.730515 0.799969 
363.199799 200.900604 0.837865 
433.832184 106.510841 0.866165 
469.298889 32.998066 0.815768 
318.855194 221.565338 0.705537 
0.000000 0.000000 0.000000 
0.000000 0.000000 0.000000 
342.557251 404.360260 0.713765 
366.016113 407.278839 0.699835 
366.026276 554.812866 0.783754 
321.873657 719.723022 0.801163 
321.839539 401.412933 0.673078 
339.379333 551.872742 0.761118 
333.620300 711.013184 0.639065 
371.966736 147.824127 0.761631 
386.672150 147.935928 0.050994 
342.353302 153.783539 0.905329 
0.000000 0.000000 0.000000 
386.619507 764.102905 0.343303 
377.858978 755.163574 0.289656 
301.221466 719.751709 0.211743 
369.075195 769.918457 0.640205 
363.041229 767.104004 0.578774 
304.159210 728.650635 0.652115 
 
Right hand keypoints: Array<T>::toString():
452.459106 24.308199 0.035552 
491.814941 20.848345 0.025513 
475.813141 26.038124 0.063772 
489.220062 24.308199 0.027336 
493.112396 24.740681 0.011814 
502.626984 15.226082 0.069312 
502.626984 18.253454 0.036190 
503.059479 27.768051 0.038196 
499.599609 23.875717 0.015298 
479.272980 21.280827 0.026717 
499.599609 17.388491 0.022690 
498.302185 20.415863 0.010941 
502.194519 23.010754 0.007450 
479.705475 20.848345 0.022709 
494.842316 20.415863 0.023166 
497.004730 23.010754 0.014002 
497.437225 23.443235 0.009563 
469.758392 22.578272 0.042663 
497.437225 16.956009 0.017893 
500.897064 29.930460 0.046319 
500.464600 29.065496 0.017858 


Stopping thread(s)
OpenPose demo successfully finished. Total time: 8.613367 seconds.
