Starting OpenPose demo...
Configuring OpenPose...
Starting thread(s)...
Auto-detecting all available GPUs... Detected 1 GPU(s), using 1 of them starting at GPU 0.
271.142761 598.032776 0.936760 
218.323944 642.124390 0.879261 
244.749176 642.180054 0.903553 
238.859131 715.549988 0.880418 
271.284973 739.172180 0.857041 
191.799622 642.190002 0.795551 
174.107971 712.705505 0.223925 
227.126724 742.205811 0.271109 
159.391235 771.685059 0.763844 
177.168686 777.477051 0.792859 
200.560104 892.314514 0.868309 
153.457352 1007.071350 0.821574 
141.771835 768.709534 0.733553 
162.419418 901.108887 0.834086 
121.191956 1007.090759 0.814007 
265.364807 589.153992 0.831920 
0.000000 0.000000 0.000000 
241.745575 595.062683 0.887915 
0.000000 0.000000 0.000000 
135.902359 1027.693481 0.054060 
127.004356 1018.913391 0.064402 
103.627556 1021.852112 0.780117 
197.570145 1024.876831 0.597354 
185.910538 1030.689453 0.559485 
144.696167 1021.861328 0.625002 
 
271.142639 598.032898 0.937243 
218.321487 642.125732 0.879275 
244.747864 642.180725 0.903457 
238.855209 715.546997 0.878229 
271.274139 739.174255 0.858867 
191.796921 642.191956 0.795835 
174.107239 712.723694 0.227736 
227.116867 742.242798 0.276361 
159.389450 771.688721 0.764032 
177.167252 777.478333 0.792961 
200.553955 892.318848 0.867858 
153.457275 1007.071167 0.821658 
141.770706 768.715637 0.733726 
162.412491 901.113892 0.834954 
121.190010 1007.094299 0.813814 
265.365540 589.154053 0.832328 
0.000000 0.000000 0.000000 
241.746429 595.062988 0.888014 
0.000000 0.000000 0.000000 
133.022034 1027.689209 0.053999 
126.993744 1018.916016 0.064456 
103.626297 1021.855591 0.780824 
197.574249 1024.874756 0.598978 
185.917526 1030.686646 0.560564 
144.697189 1021.863159 0.624874 
 
271.167145 600.865295 0.936145 
221.189880 644.929260 0.913564 
244.861801 645.021912 0.928996 
238.889450 715.781677 0.894206 
274.188751 739.287415 0.854179 
197.581345 644.910156 0.813671 
174.122406 709.828491 0.170758 
235.940170 742.184326 0.174636 
159.437759 777.485229 0.751717 
177.238632 780.458740 0.779807 
200.749893 892.282898 0.854163 
153.507156 1007.087891 0.827380 
141.795792 771.641724 0.720159 
162.347778 904.039490 0.845950 
121.196175 1007.136536 0.824894 
265.382812 594.965149 0.858818 
0.000000 0.000000 0.000000 
241.764755 597.950195 0.916896 
0.000000 0.000000 0.000000 
130.088440 1024.768433 0.062233 
126.954803 1015.992615 0.069890 
106.342896 1021.857849 0.795158 
197.629608 1024.880249 0.605920 
188.853455 1030.662842 0.563866 
144.724396 1021.824951 0.642499 
 
268.440735 600.983032 0.942104 
221.279480 645.078979 0.931276 
244.902618 645.112976 0.934613 
241.789581 718.662781 0.922766 
274.298584 742.145386 0.835131 
197.789062 645.099060 0.846903 
174.161407 715.620056 0.204074 
227.089737 742.233093 0.252414 
159.479233 783.322754 0.759240 
179.994934 783.414856 0.784483 
206.520050 892.350464 0.821418 
153.529144 1004.256714 0.832435 
144.705368 780.405151 0.717827 
162.417175 906.970337 0.839835 
124.011490 1007.172363 0.826280 
265.314850 597.830200 0.884445 
0.000000 0.000000 0.000000 
238.913269 600.809021 0.910716 
0.000000 0.000000 0.000000 
129.914703 1024.797363 0.078039 
124.136185 1018.900208 0.084456 
106.380295 1021.883606 0.767268 
194.790237 1027.705322 0.555871 
185.885468 1033.557739 0.531682 
144.724686 1021.747803 0.637708 
 
271.163116 601.037598 0.936996 
221.262131 647.898621 0.936618 
244.856750 647.901062 0.927116 
241.865097 721.566528 0.906330 
274.293304 742.148499 0.816349 
197.778305 647.922302 0.852641 
174.142365 718.590454 0.199613 
230.115067 742.261658 0.210188 
162.337448 786.252625 0.777385 
180.101044 786.334900 0.779187 
209.510651 898.131958 0.819417 
153.615479 1001.301575 0.852938 
144.654037 783.364624 0.736088 
165.370636 906.935669 0.840271 
121.203842 1007.166626 0.802913 
265.288116 597.934509 0.894053 
0.000000 0.000000 0.000000 
235.981918 601.097412 0.887150 
0.000000 0.000000 0.000000 
127.130493 1027.686157 0.108367 
121.192963 1021.849548 0.102404 
106.342094 1021.855042 0.738296 
197.564331 1027.752686 0.560286 
185.944992 1030.707153 0.550457 
147.608810 1015.914124 0.635776 
 
268.455200 603.825256 0.915879 
221.182022 648.133301 0.905876 
244.745926 648.150452 0.901068 
244.659027 724.575562 0.883842 
280.098145 742.242249 0.831474 
197.713333 648.097229 0.825953 
174.179718 718.741699 0.236866 
235.921448 751.024597 0.219861 
159.440613 786.407837 0.798102 
177.239105 789.206604 0.811590 
218.197311 898.236206 0.843996 
153.643219 1001.324707 0.848762 
144.645691 786.280579 0.754151 
171.116928 907.129944 0.833861 
121.142181 1012.952026 0.793001 
262.449524 597.981995 0.874370 
0.000000 0.000000 0.000000 
238.839844 603.919128 0.880215 
0.000000 0.000000 0.000000 
132.909882 1030.620972 0.114819 
127.013832 1024.683105 0.103495 
103.600677 1021.887756 0.740848 
194.784149 1027.799927 0.576594 
185.938705 1033.579346 0.567365 
147.588593 1015.878906 0.639631 
 
268.365692 609.755066 0.874677 
221.152237 651.020630 0.887177 
244.749054 650.935059 0.895050 
244.779861 730.453979 0.885599 
280.117096 742.089294 0.830739 
197.620087 651.034363 0.796680 
171.143692 721.638184 0.279353 
221.287888 762.829712 0.391986 
156.593506 789.225281 0.814423 
177.188019 789.279785 0.832387 
221.118912 903.959961 0.882033 
153.580765 1004.140503 0.837102 
138.890747 786.369202 0.768107 
174.237534 907.112854 0.877997 
121.197273 1007.157471 0.800375 
262.374390 600.913818 0.871129 
0.000000 0.000000 0.000000 
235.942154 606.797180 0.859773 
0.000000 0.000000 0.000000 
135.875366 1027.765991 0.093920 
127.066116 1021.826416 0.086832 
103.535294 1021.764893 0.739789 
197.572479 1033.613892 0.546826 
182.999390 1039.493896 0.550273 
144.663879 1018.782471 0.606211 
 
268.309082 615.677856 0.865044 
215.403458 653.957764 0.839538 
244.696304 653.914124 0.858866 
247.616241 733.386230 0.918324 
285.991547 742.081116 0.844654 
185.906067 656.875610 0.774908 
159.512650 718.650635 0.243458 
221.172409 742.214050 0.141698 
162.403442 792.267883 0.765973 
180.125656 795.147339 0.770230 
221.315536 904.092712 0.901332 
153.625488 1001.314331 0.869741 
144.670074 789.375000 0.758949 
174.247757 910.075500 0.874501 
124.023758 1004.271057 0.807635 
259.552216 601.094910 0.849723 
0.000000 0.000000 0.000000 
233.028458 609.752014 0.856887 
0.000000 0.000000 0.000000 
129.922318 1024.904419 0.157642 
118.261185 1024.698730 0.137923 
103.609138 1018.840149 0.720696 
191.812988 1033.568970 0.480670 
180.107544 1036.575317 0.510285 
144.712708 1010.015564 0.660848 
 
268.246399 618.631897 0.886790 
218.227737 659.788574 0.835510 
244.691727 656.893127 0.862354 
250.787643 736.334839 0.872686 
291.797913 739.142578 0.813349 
188.867737 662.745056 0.757597 
180.029495 733.357788 0.184512 
244.759201 742.161560 0.255848 
162.432266 795.170715 0.754051 
182.934296 798.101013 0.755079 
224.223328 904.197754 0.900158 
156.476059 1001.262695 0.845132 
144.735916 792.266541 0.744186 
174.216217 915.852661 0.845725 
124.006783 1004.258484 0.820274 
259.452087 603.977173 0.834627 
0.000000 0.000000 0.000000 
230.079544 612.730469 0.863285 
0.000000 0.000000 0.000000 
130.104538 1027.690308 0.117614 
127.103088 1021.861450 0.103638 
103.629059 1018.796021 0.707947 
185.949341 1042.447021 0.309197 
180.028564 1045.221924 0.371385 
147.622269 1007.086060 0.651108 
 
265.303833 621.453979 0.885264 
209.479294 665.583679 0.838592 
241.791534 659.742126 0.828950 
265.393616 739.288635 0.882575 
294.910583 739.333008 0.676221 
180.082367 668.476257 0.835070 
200.619629 742.250610 0.473286 
265.419312 742.315735 0.627737 
168.256668 801.063782 0.767197 
188.855591 804.007385 0.758994 
227.206604 906.988647 0.881691 
156.583878 1001.256592 0.835179 
147.618439 798.168823 0.744406 
174.148865 924.592468 0.856139 
118.261879 1012.937988 0.783069 
253.600174 606.854614 0.837653 
0.000000 0.000000 0.000000 
227.105194 615.622925 0.888066 
0.000000 0.000000 0.000000 
130.022522 1030.623779 0.203706 
124.095978 1030.586182 0.169221 
103.506004 1021.710083 0.722177 
180.034042 1042.406494 0.302158 
177.199310 1042.379028 0.357858 
150.486710 1007.054749 0.664463 
 
259.556152 621.356201 0.860022 
206.552551 665.686523 0.862176 
238.929077 662.676575 0.828704 
268.385345 739.238403 0.915115 
297.742035 730.424255 0.635988 
179.985001 668.572510 0.873014 
200.706619 742.161377 0.419125 
268.318634 742.170044 0.511146 
171.103897 806.856140 0.789271 
191.800491 806.975037 0.785941 
230.064896 907.131836 0.866494 
156.591370 1001.242065 0.822281 
147.649841 803.999390 0.757581 
174.227066 924.723145 0.879312 
124.051338 1010.029663 0.809950 
250.628098 606.799744 0.869644 
0.000000 0.000000 0.000000 
224.244781 618.529297 0.923704 
0.000000 0.000000 0.000000 
132.995636 1030.652588 0.200314 
129.963486 1033.560181 0.180163 
103.582092 1018.884949 0.710691 
177.197601 1039.517090 0.403131 
177.090866 1039.468994 0.450227 
150.506927 1004.226685 0.648564 
 
259.458099 621.397095 0.882497 
203.688049 665.699524 0.876706 
235.972870 662.783813 0.824459 
271.225677 733.331787 0.841780 
300.672791 721.640808 0.686742 
179.994095 668.506104 0.863168 
200.669006 739.355103 0.588950 
265.385254 739.174866 0.655705 
171.214264 809.856201 0.820245 
194.721878 809.981201 0.814644 
235.910034 907.187256 0.853955 
156.527664 1001.296814 0.822896 
150.473984 809.780762 0.789132 
180.027283 924.665161 0.846201 
124.067230 1007.090820 0.823071 
247.841873 606.834229 0.883933 
0.000000 0.000000 0.000000 
224.072052 618.569458 0.935213 
0.000000 0.000000 0.000000 
144.703156 1027.792969 0.217985 
0.000000 0.000000 0.000000 
103.503838 1015.964661 0.710164 
177.134018 1042.368408 0.513227 
174.184265 1039.498779 0.549014 
147.640625 1007.057434 0.611525 
 
250.775940 621.495850 0.899148 
200.802078 665.719910 0.907714 
230.131653 665.611267 0.833635 
283.059570 724.583740 0.806177 
315.537506 715.705872 0.781923 
177.083908 668.528076 0.890827 
212.425415 739.111267 0.615458 
274.306946 718.683594 0.688780 
171.263458 809.941406 0.834622 
194.763306 812.749817 0.817743 
235.932266 910.030090 0.845644 
156.562759 1004.106262 0.812340 
150.523895 809.883728 0.809293 
180.004013 927.688049 0.882274 
123.990776 1010.029297 0.801855 
247.650940 609.764282 0.872791 
0.000000 0.000000 0.000000 
221.283127 618.636963 0.948160 
0.000000 0.000000 0.000000 
133.041153 1030.717041 0.234147 
130.000565 1036.498657 0.217333 
103.490036 1018.827454 0.699984 
174.210449 1045.231567 0.427898 
171.258377 1042.420410 0.473414 
150.486038 1007.114197 0.614269 
 
250.681900 621.644043 0.928789 
203.600693 668.483154 0.903436 
230.133621 665.657959 0.840262 
288.844391 718.773743 0.870093 
306.569244 692.226929 0.781213 
177.207458 668.636108 0.885217 
224.278061 730.463928 0.603682 
288.851166 715.716125 0.708594 
174.069351 810.004456 0.839777 
194.761353 812.792053 0.807931 
238.861740 910.024536 0.849851 
162.364853 1001.207275 0.827954 
150.698608 809.953064 0.814984 
177.038208 930.667236 0.889212 
124.071693 1007.173523 0.774594 
244.913666 615.616455 0.878439 
0.000000 0.000000 0.000000 
221.173553 621.394165 0.942880 
0.000000 0.000000 0.000000 
129.922821 1030.675415 0.225687 
124.127533 1036.457275 0.211178 
103.599495 1015.936584 0.655920 
174.177246 1045.251099 0.377553 
174.155060 1042.376465 0.426978 
150.580719 1001.329651 0.685158 
 
247.842163 624.346985 0.945050 
200.762985 668.547913 0.930967 
230.131409 668.443420 0.855849 
294.825134 718.690186 0.942924 
297.748138 674.527283 0.861157 
177.054337 668.719788 0.908581 
224.161758 727.514282 0.450014 
288.877014 701.055237 0.474678 
174.145157 812.787109 0.837453 
197.596054 812.836304 0.809688 
241.776382 910.084229 0.859243 
162.392395 1001.175415 0.834404 
153.453827 812.752930 0.814443 
177.154175 930.561340 0.890249 
126.931992 1007.087341 0.808914 
244.811005 615.686462 0.893193 
0.000000 0.000000 0.000000 
221.148315 621.436890 0.950887 
0.000000 0.000000 0.000000 
132.901764 1027.681274 0.175226 
127.092018 1027.647583 0.157689 
106.403458 1015.875610 0.662603 
177.166382 1045.239258 0.442879 
177.114853 1042.345215 0.492025 
150.525848 1001.235596 0.724397 
 
247.760162 624.366455 0.965652 
203.563690 668.580261 0.905815 
224.338486 668.530640 0.900267 
300.658051 715.695740 0.897485 
297.792969 668.629578 0.915486 
180.115036 668.726379 0.867512 
241.786469 718.765991 0.316510 
283.044037 692.140930 0.349333 
174.209000 812.884888 0.825222 
197.635345 812.911011 0.801962 
241.843384 915.846863 0.850366 
162.373581 1001.231445 0.825338 
153.521973 812.881836 0.807755 
180.003708 936.457703 0.844122 
124.170647 1007.066284 0.796665 
244.757736 615.672607 0.902890 
0.000000 0.000000 0.000000 
221.103577 621.379822 0.934785 
0.000000 0.000000 0.000000 
124.066551 1024.719482 0.198482 
109.397018 1021.869690 0.206596 
106.454216 1012.981079 0.668656 
159.469131 1045.290161 0.215741 
165.341888 1042.369629 0.249332 
150.533142 1001.222107 0.676817 
 
247.734268 624.418396 0.957531 
203.696869 668.569397 0.893883 
227.208893 668.556458 0.895161 
312.539246 709.749512 0.875662 
297.885742 659.822693 0.854437 
185.891556 668.662842 0.845729 
244.807205 715.684143 0.213574 
294.796661 668.623352 0.219662 
174.260590 812.890808 0.825811 
197.667694 812.914124 0.807451 
241.746643 924.571106 0.847454 
165.253372 1001.186523 0.817672 
153.589584 812.891296 0.804711 
182.949020 936.449829 0.826787 
124.112312 1007.091980 0.791948 
244.708923 618.490112 0.892261 
0.000000 0.000000 0.000000 
218.357178 621.398804 0.930484 
0.000000 0.000000 0.000000 
121.137581 1024.836304 0.247732 
106.579727 1024.747803 0.267869 
106.431381 1013.005981 0.670297 
150.658768 1045.367310 0.249267 
153.620575 1042.389648 0.265877 
150.598648 1001.163025 0.665806 
 
247.719940 624.434326 0.967361 
203.665863 668.610718 0.892372 
232.972778 668.634155 0.876915 
315.512573 695.152954 0.980500 
294.957611 647.962646 0.932549 
180.113113 668.729980 0.863091 
241.837555 715.702820 0.150213 
280.075287 668.582031 0.139643 
177.074036 812.933289 0.819405 
197.802170 815.730530 0.804467 
244.709595 921.699951 0.864267 
168.286728 998.372742 0.843341 
153.692535 812.899292 0.790138 
182.989151 936.473267 0.823074 
124.164467 1007.095886 0.816066 
244.661743 618.496887 0.891205 
0.000000 0.000000 0.000000 
218.317245 621.385132 0.917011 
0.000000 0.000000 0.000000 
127.080215 1024.749756 0.273483 
115.314789 1024.688843 0.253994 
106.387276 1015.924438 0.715848 
174.135666 1042.358887 0.316540 
174.157455 1036.543335 0.362372 
153.499283 998.385803 0.744236 
 
247.653030 621.586853 0.950761 
206.503128 668.521606 0.889370 
235.958786 668.476807 0.854647 
318.414917 692.070251 0.970411 
294.900848 642.025085 0.904096 
180.078262 668.666870 0.864547 
259.480713 692.165405 0.141357 
283.027008 656.833130 0.156198 
177.145905 812.820496 0.822781 
200.593781 812.868347 0.823958 
244.857391 918.833679 0.853947 
171.140778 998.303040 0.850448 
156.455338 812.784241 0.786808 
180.037094 939.390442 0.833630 
126.934875 1004.219788 0.827850 
241.861420 615.564148 0.854879 
0.000000 0.000000 0.000000 
218.246399 618.635254 0.902290 
0.000000 0.000000 0.000000 
130.010742 1024.663696 0.284531 
124.095535 1024.675781 0.263870 
106.451256 1013.008789 0.717208 
177.133667 1036.557983 0.426581 
177.094040 1030.679443 0.473525 
153.563110 998.303894 0.756935 
 
247.731308 621.463135 0.948934 
203.653244 668.458252 0.885484 
235.926590 665.654602 0.839908 
321.366455 677.406555 0.889514 
294.938599 630.399292 0.873134 
177.235016 668.668335 0.873513 
262.421539 692.259155 0.094361 
0.000000 0.000000 0.000000 
180.011002 812.848267 0.815822 
200.641296 812.876892 0.817461 
244.837006 921.759521 0.857054 
171.195618 998.264038 0.845274 
159.448776 812.806519 0.768985 
180.080688 942.281982 0.823272 
126.922112 1004.178406 0.829761 
244.622620 609.742065 0.853048 
0.000000 0.000000 0.000000 
218.275818 618.524475 0.888127 
0.000000 0.000000 0.000000 
133.010147 1024.709473 0.322142 
127.087830 1024.747681 0.304615 
106.425148 1012.982361 0.728840 
177.050812 1039.419312 0.482236 
177.015030 1030.652100 0.522259 
156.436905 998.261414 0.742274 
 
247.747498 621.455017 0.927315 
203.655334 665.675476 0.879784 
233.062881 662.674316 0.808702 
324.229340 671.433655 0.939911 
294.820221 621.610840 0.935238 
177.230911 668.648315 0.872301 
0.000000 0.000000 0.000000 
0.000000 0.000000 0.000000 
180.106949 812.836609 0.799641 
200.756836 812.836670 0.804223 
244.860321 921.673645 0.849264 
173.995895 998.224854 0.858307 
162.344681 812.813232 0.760841 
180.131195 942.296387 0.815117 
124.103203 1004.223450 0.833185 
244.658752 609.781799 0.852011 
0.000000 0.000000 0.000000 
218.241837 618.491882 0.881348 
0.000000 0.000000 0.000000 
135.937744 1021.848694 0.360064 
129.950500 1021.886475 0.329820 
103.608772 1015.917725 0.766625 
177.112549 1039.435425 0.481025 
177.106308 1030.674805 0.509534 
156.515076 998.273926 0.756166 
 
247.730270 618.537292 0.902474 
206.496429 665.598022 0.859669 
235.907272 659.817871 0.790049 
333.048187 665.592957 0.871859 
291.750427 615.621643 0.884945 
177.257690 668.587341 0.861947 
247.790771 671.627075 0.061978 
0.000000 0.000000 0.000000 
183.037735 812.731873 0.785934 
203.624832 812.735718 0.790669 
244.822021 921.703308 0.848893 
171.189880 998.316833 0.846073 
165.360840 809.966919 0.759687 
183.002914 933.582947 0.826863 
124.144859 1004.195068 0.825621 
244.687363 606.765015 0.866141 
0.000000 0.000000 0.000000 
218.278763 615.573181 0.868975 
0.000000 0.000000 0.000000 
130.063995 1021.859741 0.309681 
124.066559 1021.834412 0.273605 
106.388222 1015.897583 0.745640 
174.224731 1036.537842 0.381086 
177.012207 1030.694336 0.419539 
156.442902 998.366882 0.729443 
 
247.800766 618.540100 0.911741 
209.429245 662.713989 0.827795 
235.982803 653.975830 0.786590 
333.067932 651.064697 0.887757 
291.969421 603.818787 0.920484 
180.097656 668.522034 0.815031 
0.000000 0.000000 0.000000 
0.000000 0.000000 0.000000 
185.896606 809.966980 0.784568 
203.645340 809.961426 0.782699 
244.798401 918.784851 0.847732 
171.224121 998.338684 0.840183 
168.229965 809.943726 0.760635 
188.918442 930.532410 0.858573 
126.984962 1004.130981 0.864017 
244.780212 603.956909 0.889902 
0.000000 0.000000 0.000000 
218.356201 606.875061 0.886326 
0.000000 0.000000 0.000000 
135.954330 1021.878052 0.266121 
129.972748 1021.844727 0.234171 
106.463730 1015.862488 0.756653 
177.175644 1042.381470 0.419118 
177.150101 1036.549438 0.454378 
156.466675 1001.103394 0.707722 
 
247.879898 612.682678 0.888639 
206.579651 656.816956 0.825497 
238.869034 648.159058 0.826382 
333.105865 647.911438 0.961143 
291.891602 598.086182 0.948045 
177.251373 665.665833 0.824924 
0.000000 0.000000 0.000000 
0.000000 0.000000 0.000000 
188.914154 809.779419 0.767527 
206.567444 809.799805 0.757519 
244.915314 912.939453 0.850297 
171.210114 998.374146 0.839679 
171.190140 806.995056 0.751420 
191.771088 927.692749 0.845426 
127.006531 1004.256714 0.853341 
244.822968 600.953857 0.947689 
0.000000 0.000000 0.000000 
218.311050 603.858154 0.900894 
0.000000 0.000000 0.000000 
138.884720 1024.891113 0.220280 
130.029572 1024.811279 0.184003 
106.439453 1018.789490 0.766879 
188.830414 1045.316650 0.500099 
183.048309 1042.378540 0.538544 
153.605774 1001.189758 0.697239 
 
250.639145 606.759216 0.885963 
215.319382 648.158264 0.870984 
244.665894 647.886108 0.893717 
338.815491 642.039246 0.907236 
291.747467 595.029724 0.882102 
180.108292 656.862732 0.788565 
0.000000 0.000000 0.000000 
0.000000 0.000000 0.000000 
194.766541 798.172852 0.763555 
215.304916 801.065979 0.715516 
244.889038 909.961182 0.892514 
171.241745 998.184387 0.848666 
174.136581 798.118958 0.750781 
185.902176 927.533203 0.839741 
127.015221 1004.243835 0.841833 
244.872986 598.079773 0.922435 
0.000000 0.000000 0.000000 
221.150909 600.937439 0.955869 
0.000000 0.000000 0.000000 
141.817001 1024.855103 0.219111 
130.085175 1027.658081 0.184752 
106.433289 1018.795471 0.707896 
188.823608 1042.443481 0.476416 
185.961868 1036.559448 0.515548 
156.491226 998.284058 0.705170 
 
250.664612 601.007568 0.888585 
218.207245 645.178711 0.903017 
244.665024 644.999817 0.887515 
336.086487 627.358582 0.944538 
291.900177 577.422791 0.931657 
188.856796 648.128113 0.789746 
250.708847 648.028137 0.069616 
271.320496 597.915588 0.264492 
197.575424 795.139282 0.778669 
215.372116 795.192810 0.726155 
244.789154 907.138550 0.901322 
171.209610 995.281372 0.825062 
174.236664 792.294739 0.762319 
180.098541 924.722290 0.842292 
127.072258 1001.333862 0.863077 
247.607224 597.913574 0.906223 
0.000000 0.000000 0.000000 
221.162369 598.074585 0.954800 
0.000000 0.000000 0.000000 
147.692551 1021.862061 0.257352 
138.791885 1024.694824 0.221306 
106.524635 1013.002869 0.702605 
185.916443 1033.626709 0.456119 
188.821762 1027.730347 0.510151 
156.487457 998.207092 0.725869 
 
253.593719 597.976074 0.905203 
218.339569 644.946533 0.912907 
247.620193 639.215149 0.864064 
338.948669 621.626831 1.040420 
288.906830 574.304382 0.886078 
185.879654 647.923340 0.840312 
0.000000 0.000000 0.000000 
0.000000 0.000000 0.000000 
197.688843 789.385986 0.810128 
221.151764 792.202637 0.778423 
241.832764 907.001831 0.885022 
171.148788 995.365784 0.834113 
176.974304 789.345093 0.791783 
180.089554 918.796143 0.827803 
127.110542 1001.329529 0.902025 
247.761887 589.189087 0.860635 
0.000000 0.000000 0.000000 
221.317307 595.087341 0.927753 
0.000000 0.000000 0.000000 
132.996109 1021.755554 0.221990 
124.070892 1018.863464 0.203667 
109.454605 1012.973816 0.722109 
177.172852 1033.620605 0.374699 
180.058411 1030.600586 0.424118 
153.648865 998.318848 0.716822 
 
253.636017 597.868225 0.882375 
218.354050 639.230713 0.877622 
244.894760 630.418213 0.852676 
338.934998 618.538025 0.956872 
288.869629 568.549011 0.856957 
188.867188 645.089844 0.815243 
238.901947 648.068665 0.064156 
0.000000 0.000000 0.000000 
197.779465 786.399170 0.829866 
221.225922 789.199585 0.801554 
241.848663 904.117371 0.883337 
171.147614 998.212036 0.816598 
177.071655 786.343384 0.809536 
188.843460 907.053162 0.835663 
127.027451 1001.330078 0.885327 
247.807205 586.192871 0.869558 
0.000000 0.000000 0.000000 
221.372208 592.105530 0.896379 
0.000000 0.000000 0.000000 
141.789246 1024.717285 0.195730 
130.031784 1021.829285 0.161492 
106.548302 1015.840210 0.752997 
188.884277 1042.383911 0.428178 
188.859467 1039.422363 0.480717 
153.603699 1001.243958 0.651778 
 
256.599396 586.244812 0.832543 
221.245834 633.253662 0.889573 
247.827301 624.472534 0.900456 
339.075348 603.943970 0.938641 
291.990112 553.720337 0.924732 
191.788666 642.096802 0.784017 
244.687454 651.003357 0.053235 
0.000000 0.000000 0.000000 
200.616013 783.390259 0.808847 
224.115097 786.221741 0.799759 
238.872635 901.176331 0.827899 
171.211761 998.223083 0.812659 
177.192322 783.305603 0.775548 
182.983704 906.959839 0.836851 
127.164101 1001.230042 0.897723 
247.836060 577.397400 0.931912 
0.000000 0.000000 0.000000 
224.190002 580.386780 0.898076 
0.000000 0.000000 0.000000 
153.504211 1024.706055 0.175018 
138.846344 1021.787231 0.121247 
109.453369 1010.073792 0.750228 
194.726791 1042.379761 0.507080 
194.726166 1036.550415 0.559589 
153.635391 1001.328979 0.644942 
 
262.422180 580.293335 0.879411 
224.045212 624.449890 0.943447 
247.824402 621.407654 0.880242 
339.110809 597.981384 0.983690 
291.937439 544.980408 0.867403 
197.601822 630.347900 0.807218 
0.000000 0.000000 0.000000 
0.000000 0.000000 0.000000 
200.642426 771.665100 0.799077 
224.111328 774.597473 0.777631 
230.077896 895.247070 0.795665 
171.162888 998.255432 0.788405 
177.249695 771.606445 0.762712 
180.124908 904.047729 0.857264 
129.898300 1001.271606 0.890562 
250.720291 574.450195 0.918573 
0.000000 0.000000 0.000000 
224.314606 577.365601 0.944519 
0.000000 0.000000 0.000000 
138.847473 1024.784424 0.137800 
127.028404 1015.960999 0.121900 
115.282997 1015.867859 0.732187 
194.770065 1042.440796 0.362697 
194.679901 1039.507080 0.417729 
153.631790 1007.033997 0.570362 
 
265.298431 574.499756 0.828527 
224.197235 621.354675 0.926015 
250.634705 615.637512 0.830636 
339.098541 592.020203 0.902901 
297.873932 530.180969 0.800470 
197.808670 621.637573 0.892051 
265.404297 598.000061 0.358403 
271.341064 550.765625 0.453821 
203.543518 765.791321 0.807709 
224.254700 765.877686 0.803255 
233.042465 883.631958 0.832170 
171.184494 998.269592 0.804743 
180.151764 765.684998 0.770322 
185.960281 889.434082 0.784625 
130.116241 998.256470 0.871355 
253.579178 568.590942 0.831660 
0.000000 0.000000 0.000000 
227.212982 574.308838 0.923127 
0.000000 0.000000 0.000000 
168.205963 1027.694092 0.114901 
130.184204 1004.199646 0.065498 
121.114563 1004.111755 0.746921 
206.544144 1033.623169 0.660491 
197.616760 1036.498779 0.674868 
153.519485 1007.040894 0.619135 
 
265.398926 574.349609 0.826415 
224.134415 612.687317 0.890566 
250.788742 603.841614 0.829853 
341.924774 577.364746 0.962087 
315.337280 518.466431 0.844975 
197.617813 621.410767 0.871518 
268.325378 595.024902 0.412444 
271.305756 550.805908 0.321885 
203.572632 762.776611 0.800581 
224.260605 762.858887 0.812887 
232.986893 880.600342 0.837450 
174.097336 998.170715 0.808410 
182.956100 762.688599 0.737262 
180.143906 883.529602 0.846279 
132.897964 995.373840 0.841251 
253.688065 562.625305 0.810318 
0.000000 0.000000 0.000000 
230.068268 568.468445 0.871281 
0.000000 0.000000 0.000000 
159.385986 1027.673950 0.144542 
130.063690 1004.185730 0.092152 
124.006371 1001.309143 0.813315 
212.369217 1036.493286 0.664926 
200.567200 1033.598022 0.705219 
153.650574 1007.094849 0.651379 
 
268.321503 568.502563 0.835373 
224.287827 601.062805 0.908571 
253.609192 598.112549 0.841538 
339.029694 571.442810 0.924470 
324.297913 506.705627 0.840958 
197.773727 612.732300 0.829853 
271.237274 577.337219 0.647043 
294.807831 524.325867 0.671691 
203.670578 753.919189 0.752085 
224.347977 756.861084 0.762998 
227.163010 877.579285 0.835276 
174.200317 1001.108826 0.835580 
185.929062 748.149231 0.710773 
183.010910 880.448486 0.835515 
138.795471 986.471191 0.787932 
262.429413 556.763672 0.840940 
0.000000 0.000000 0.000000 
230.135208 559.730530 0.865075 
0.000000 0.000000 0.000000 
171.114578 1021.738647 0.110891 
174.100143 1021.819763 0.067957 
126.941154 998.265747 0.852637 
218.223526 1033.634155 0.705760 
200.647476 1036.526978 0.729027 
156.541046 1010.072083 0.667107 
 
271.165894 559.718628 0.832048 
224.355698 598.104614 0.922531 
253.674011 597.800720 0.814253 
341.847809 553.951172 0.927436 
335.990265 489.052551 0.806982 
197.810928 606.866089 0.807918 
0.000000 0.000000 0.000000 
0.000000 0.000000 0.000000 
206.588547 745.161804 0.758449 
227.173141 745.241333 0.753255 
227.211823 874.670288 0.820976 
177.101486 1001.157593 0.854662 
191.735916 742.298889 0.738406 
182.952332 874.601318 0.813400 
144.748505 980.700256 0.805370 
265.393280 553.733948 0.901300 
0.000000 0.000000 0.000000 
235.927063 556.771057 0.883291 
0.000000 0.000000 0.000000 
156.577225 1021.899353 0.194897 
156.486313 1021.755371 0.109975 
127.147911 998.188599 0.847499 
215.402451 1036.502197 0.704943 
200.678513 1036.525269 0.731452 
165.272247 1013.003357 0.712506 
 
271.288330 553.739990 0.868926 
227.138245 595.057312 0.888582 
250.789795 592.022034 0.792776 
339.055359 547.990540 0.910924 
344.908752 483.094757 0.894175 
200.790558 600.822571 0.839499 
280.110992 577.279846 0.144167 
288.928009 533.327881 0.079742 
212.415161 742.169800 0.769284 
230.089294 742.292114 0.750757 
227.206940 871.739319 0.791223 
180.110413 995.260864 0.781854 
194.713928 739.314514 0.764166 
182.936829 862.940308 0.809809 
147.613754 977.817383 0.832109 
268.249298 547.996460 0.878603 
0.000000 0.000000 0.000000 
241.795151 553.756226 0.938769 
0.000000 0.000000 0.000000 
156.496933 1021.867920 0.238928 
150.657883 1021.833557 0.173983 
129.965332 995.245789 0.830625 
215.368027 1036.569458 0.686879 
200.746124 1033.553345 0.706019 
171.201889 1001.290039 0.655300 
 
271.225281 553.753479 0.863333 
224.333481 594.916565 0.888590 
259.539520 580.432007 0.788768 
338.825165 533.265381 0.861078 
362.369385 468.496399 0.813372 
200.566299 598.095642 0.893651 
280.086334 565.565125 0.146753 
294.851166 506.681519 0.471342 
209.496490 739.261353 0.770002 
230.075211 739.353577 0.762778 
227.077866 865.874756 0.827167 
188.823196 992.324890 0.764813 
191.785294 739.150757 0.739946 
177.236359 860.066956 0.873444 
150.482101 977.640076 0.879513 
268.274872 547.919739 0.872885 
0.000000 0.000000 0.000000 
244.631760 550.793945 0.949732 
0.000000 0.000000 0.000000 
159.472397 1021.744934 0.231613 
153.500961 1021.788879 0.188983 
130.132797 992.315308 0.814251 
209.450531 1039.442017 0.651915 
203.610641 1030.663818 0.688627 
177.065643 1001.212524 0.684559 
 
271.234802 550.793579 0.818085 
227.172394 589.173340 0.861529 
265.311340 577.396240 0.832564 
324.311188 527.414307 0.817578 
362.384094 468.504028 0.858507 
200.610580 598.083618 0.869749 
244.896729 600.980957 0.053310 
0.000000 0.000000 0.000000 
212.367416 739.143982 0.756379 
232.986557 739.266113 0.751100 
224.337982 862.929871 0.858962 
191.775009 989.450562 0.762892 
191.804047 736.264282 0.725107 
177.180252 860.002502 0.893740 
150.525436 974.808228 0.882066 
268.289368 542.041382 0.823488 
0.000000 0.000000 0.000000 
244.626129 550.745605 0.941599 
0.000000 0.000000 0.000000 
153.655121 1007.136536 0.232635 
133.037811 995.283875 0.194810 
135.869919 986.533875 0.778229 
206.546844 1030.656372 0.475524 
203.634598 1027.657837 0.562253 
179.999069 1001.241882 0.675376 
 
268.460358 547.998718 0.727336 
227.229172 583.289307 0.852931 
265.296112 574.561829 0.832247 
315.331024 524.381714 0.848152 
362.376801 474.345093 0.855123 
200.586929 597.919006 0.858807 
244.943604 601.054749 0.050181 
0.000000 0.000000 0.000000 
215.293579 733.411926 0.736801 
235.945358 736.328735 0.730367 
224.302460 860.054199 0.874501 
194.652313 983.521484 0.788736 
194.657211 730.428955 0.708215 
177.171417 859.949158 0.905311 
150.572998 974.718750 0.884588 
268.256989 536.253906 0.814567 
0.000000 0.000000 0.000000 
244.657455 547.930847 0.941642 
0.000000 0.000000 0.000000 
156.477829 1004.120544 0.200287 
135.932053 989.415344 0.165921 
135.930923 986.474792 0.770896 
206.540573 1018.865295 0.329373 
206.567047 1018.851807 0.431342 
180.124039 998.300964 0.666192 
 
268.425781 545.038452 0.733660 
233.004669 580.269653 0.855626 
265.320251 574.401917 0.834955 
312.396515 512.667236 0.835369 
362.519409 465.497314 0.875029 
200.701324 595.005188 0.822687 
0.000000 0.000000 0.000000 
0.000000 0.000000 0.000000 
215.365799 730.438049 0.736188 
238.841385 733.409546 0.712663 
224.280121 860.070190 0.872562 
194.670227 980.682068 0.792755 
194.700745 724.580566 0.719861 
177.133621 859.897461 0.908856 
150.586075 974.634155 0.866323 
268.172028 536.140930 0.822947 
0.000000 0.000000 0.000000 
244.697784 547.889465 0.946709 
0.000000 0.000000 0.000000 
153.497742 992.331970 0.141399 
130.029327 977.666504 0.162498 
138.879807 983.563965 0.739154 
209.483658 1010.016052 0.267362 
209.505341 1012.946716 0.362842 
182.967941 998.225403 0.644016 
 
268.366791 547.930298 0.646520 
227.153015 580.296387 0.886007 
256.584656 574.497009 0.828217 
312.536133 509.771179 0.855820 
362.447327 468.431824 0.853158 
200.567429 594.996155 0.829058 
244.904480 603.809814 0.056279 
0.000000 0.000000 0.000000 
212.442734 730.446289 0.732358 
235.936554 736.222778 0.715892 
224.252136 859.999939 0.891891 
194.711823 980.641418 0.808940 
191.760712 724.584106 0.714738 
177.157608 859.848511 0.908895 
150.631897 971.830078 0.867329 
268.183228 536.181885 0.771344 
0.000000 0.000000 0.000000 
244.672424 547.832581 0.935408 
0.000000 0.000000 0.000000 
156.460602 977.585388 0.135599 
130.024841 971.810425 0.167577 
144.640518 980.665527 0.738556 
206.533401 1001.253296 0.234275 
209.513947 1004.187378 0.325399 
185.917465 998.167053 0.643765 
 
268.377380 547.856140 0.636684 
227.157593 577.501953 0.899777 
256.609039 574.449585 0.828445 
315.285767 512.595581 0.842767 
362.384094 468.517517 0.847698 
200.540314 592.093079 0.816523 
244.928085 601.002808 0.070725 
0.000000 0.000000 0.000000 
215.295898 730.461487 0.731138 
236.001373 736.259644 0.718315 
224.223419 860.019409 0.894390 
194.736511 980.563049 0.823514 
191.794525 724.577026 0.716209 
177.184998 859.867249 0.903189 
150.642120 971.770935 0.863022 
268.185669 536.178467 0.764743 
0.000000 0.000000 0.000000 
244.666855 547.844116 0.940484 
0.000000 0.000000 0.000000 
159.381927 974.655762 0.157251 
132.908768 971.730957 0.178669 
141.806870 980.605225 0.742326 
209.495636 998.279236 0.215161 
215.308289 1001.197937 0.305313 
188.828796 995.276306 0.630959 
 
268.435608 547.976074 0.725205 
230.034271 580.374878 0.865039 
265.303894 574.372070 0.834295 
315.493011 509.737671 0.881218 
362.444733 465.544373 0.850095 
200.594345 597.862427 0.867675 
244.845398 603.926941 0.061077 
0.000000 0.000000 0.000000 
212.459244 730.449402 0.725255 
236.002090 736.233521 0.711098 
224.234360 860.078979 0.883154 
194.740845 980.667603 0.813537 
191.738266 724.576965 0.713678 
177.161041 859.894592 0.906777 
150.606277 974.695374 0.881985 
268.215057 536.220398 0.801202 
0.000000 0.000000 0.000000 
244.698074 547.918091 0.945984 
0.000000 0.000000 0.000000 
150.550812 983.505981 0.143449 
129.992783 977.638367 0.186038 
141.741394 983.585938 0.728181 
218.197586 1004.140808 0.216035 
218.232025 1004.217651 0.316713 
185.938690 998.240234 0.627348 
 
271.230377 547.944763 0.745193 
230.019089 583.256104 0.855793 
265.307770 574.561218 0.830521 
315.312897 527.321472 0.880190 
359.511505 474.359497 0.832781 
200.633469 597.909607 0.870990 
247.678070 603.832581 0.054518 
0.000000 0.000000 0.000000 
209.522430 733.367737 0.732002 
233.048660 736.302673 0.725757 
224.195129 862.903503 0.879460 
194.640213 983.533752 0.797279 
188.830856 730.377136 0.705512 
177.176086 859.959167 0.902430 
150.521271 974.748718 0.884749 
268.315186 536.245544 0.824649 
0.000000 0.000000 0.000000 
244.711655 548.004089 0.953790 
0.000000 0.000000 0.000000 
150.709366 1004.131409 0.254076 
132.917618 989.458862 0.251648 
135.919983 986.498291 0.767248 
200.600677 1004.228760 0.191991 
206.571808 1010.064514 0.293731 
183.003479 998.333557 0.675244 
 
271.249420 550.755676 0.757863 
227.191254 586.234924 0.862366 
265.352112 577.352478 0.833876 
315.490143 527.417053 0.876850 
359.489838 477.287109 0.872011 
200.594238 598.009521 0.875112 
280.105103 539.145752 0.101225 
297.716248 500.870331 0.525740 
209.453827 739.127625 0.754758 
232.983917 739.247375 0.745350 
224.177368 868.739258 0.865072 
194.697266 980.714355 0.814295 
185.969666 736.246277 0.717118 
177.233627 862.867126 0.881735 
150.514755 974.829956 0.889803 
268.324890 542.064636 0.801135 
0.000000 0.000000 0.000000 
244.705276 550.795776 0.977082 
0.000000 0.000000 0.000000 
156.508102 1010.007202 0.184937 
135.919617 992.350952 0.149285 
133.006485 989.404663 0.757625 
215.378525 1018.862366 0.343577 
215.296661 1018.807800 0.441346 
183.015564 998.230103 0.671139 
 
Last frame read and added to queue. Closing program after it is processed.
271.323914 550.828430 0.759970 
227.107788 592.096313 0.876581 
262.377167 580.340271 0.775488 
315.513000 530.268005 0.888558 
356.673126 480.078094 0.874668 
200.666046 598.100342 0.869234 
280.152069 547.845703 0.139408 
294.952332 503.816498 0.480574 
209.486099 739.181519 0.758793 
230.143112 739.298523 0.751360 
224.209656 868.759155 0.861451 
194.709488 986.521667 0.801026 
188.847687 736.324646 0.723184 
180.011261 862.935364 0.863890 
147.576920 980.580017 0.835126 
268.382660 545.018860 0.812659 
0.000000 0.000000 0.000000 
244.697174 550.911072 0.992316 
0.000000 0.000000 0.000000 
165.300659 1030.621704 0.380036 
153.635712 1024.882935 0.361960 
127.175148 995.251526 0.810815 
218.256729 1027.785400 0.523157 
212.449600 1024.846802 0.588520 
183.013016 1001.179382 0.695451 
 
271.298187 550.998352 0.764535 
224.311966 595.007019 0.899919 
250.710434 592.052734 0.785801 
315.525391 533.300415 0.812656 
359.512573 483.074585 0.894279 
200.733368 598.052917 0.854588 
283.012909 553.710022 0.554076 
294.958008 506.735077 0.697651 
212.383560 739.329102 0.753314 
230.101456 742.184753 0.744193 
224.303879 871.680054 0.831475 
185.984802 995.344666 0.794268 
191.842392 739.219055 0.722883 
182.953415 868.733215 0.799585 
144.751373 983.509399 0.813345 
268.337616 547.990417 0.833823 
0.000000 0.000000 0.000000 
244.676331 553.692688 0.979305 
0.000000 0.000000 0.000000 
171.090378 1021.849670 0.116528 
156.445557 1018.919678 0.080390 
127.126114 995.337402 0.820276 
221.322189 1030.678101 0.647005 
212.454727 1030.604614 0.628577 
177.036041 1001.304565 0.662382 
 
OpenPose demo successfully finished. Total time: 49.051035 seconds.
