Starting OpenPose demo...
Configuring OpenPose...
Starting thread(s)...
Auto-detecting all available GPUs... Detected 1 GPU(s), using 1 of them starting at GPU 0.
247.597946 592.056213 0.876128 
197.703690 627.506104 0.890805 
218.193771 627.496399 0.874376 
218.321014 698.083374 0.896533 
262.489990 715.547058 0.816247 
179.983047 627.451477 0.815005 
203.565933 706.871521 0.231184 
244.802216 718.653442 0.473127 
153.593369 768.772949 0.788993 
174.149246 774.569275 0.775552 
197.680573 880.580566 0.912632 
129.915848 983.603638 0.812552 
133.058167 765.840393 0.748801 
147.690674 895.231262 0.806836 
121.140114 1001.128540 0.741025 
241.798996 577.464478 0.893285 
0.000000 0.000000 0.000000 
212.452744 580.378601 0.877255 
0.000000 0.000000 0.000000 
174.142044 1024.811646 0.284354 
165.304535 1021.822021 0.250418 
103.472847 1018.787109 0.435905 
171.107956 1024.726440 0.631262 
156.491547 1024.727051 0.625026 
109.387939 998.311646 0.638989 
 
247.597672 592.056274 0.875996 
197.704834 627.506226 0.890869 
218.194260 627.496948 0.874523 
218.322632 698.084106 0.897222 
262.490997 715.548157 0.815667 
179.984650 627.451294 0.814780 
203.566055 706.875000 0.232515 
244.803619 718.654175 0.471927 
153.593124 768.773132 0.788809 
174.147675 774.569458 0.775464 
197.680954 880.580383 0.912387 
129.916229 983.604065 0.812974 
133.059311 765.841736 0.748261 
147.692429 895.230652 0.807041 
121.138641 1001.130676 0.741149 
241.798813 577.463684 0.893422 
0.000000 0.000000 0.000000 
212.453110 580.380066 0.876849 
0.000000 0.000000 0.000000 
174.149857 1024.821899 0.283933 
165.318375 1021.828796 0.250761 
103.471771 1018.788574 0.436501 
171.117523 1024.733887 0.631255 
156.497253 1024.733032 0.623356 
109.388687 998.310364 0.639286 
 
247.658569 594.918945 0.898504 
197.739899 630.321411 0.893849 
218.239532 630.307800 0.884324 
218.262543 698.047363 0.905990 
265.409515 715.624817 0.871308 
177.244949 627.502625 0.809714 
197.735611 706.865356 0.147167 
244.788483 718.746643 0.238668 
153.590897 771.700867 0.784305 
174.206268 777.546997 0.782696 
197.657120 883.396667 0.913398 
129.899155 995.285645 0.822314 
133.026077 768.717285 0.744805 
150.446182 895.276733 0.825482 
124.055153 1001.298706 0.756998 
241.868454 577.520630 0.902451 
0.000000 0.000000 0.000000 
215.375427 583.239624 0.866870 
0.000000 0.000000 0.000000 
177.157639 1024.811279 0.239064 
171.190247 1021.861511 0.214531 
103.548576 1021.756531 0.490544 
174.101288 1027.650513 0.600627 
159.482864 1027.701050 0.566638 
112.294327 1004.158875 0.623366 
 
247.713516 594.960449 0.903103 
197.816452 630.344360 0.884824 
218.297546 633.248840 0.882124 
218.246002 698.164307 0.888525 
265.430389 715.730225 0.879901 
180.076202 627.472778 0.808320 
194.775101 703.921692 0.104783 
244.822388 718.775879 0.179570 
153.555496 780.412842 0.778845 
174.147461 783.379211 0.784058 
197.526871 883.549805 0.891198 
130.017548 998.330078 0.871750 
132.994583 771.660400 0.730693 
150.558441 898.186462 0.859077 
118.269829 1001.204041 0.800577 
244.656998 580.318604 0.900997 
0.000000 0.000000 0.000000 
218.273865 583.336182 0.883418 
0.000000 0.000000 0.000000 
174.179703 1021.845337 0.214359 
162.361526 1021.724731 0.182701 
103.440613 1015.928833 0.546978 
177.121536 1024.729980 0.712327 
165.302734 1027.692017 0.648905 
115.254005 1009.997009 0.657697 
 
247.732758 595.084534 0.924000 
200.558578 633.246521 0.885692 
221.090576 636.275940 0.898057 
218.293823 700.989807 0.890605 
262.466583 718.640747 0.861210 
180.106445 630.311462 0.797217 
191.808487 709.848206 0.182136 
244.697937 721.709961 0.316337 
153.610062 774.590576 0.781763 
174.217316 780.440308 0.787131 
197.636093 883.369080 0.887759 
138.811905 998.196045 0.794761 
133.012100 768.752808 0.742712 
150.716415 895.249268 0.838587 
118.265778 1001.238159 0.800481 
244.680176 580.432495 0.883060 
0.000000 0.000000 0.000000 
221.068375 589.146362 0.889715 
0.000000 0.000000 0.000000 
177.063202 1024.792969 0.118371 
171.085236 1024.675415 0.117633 
103.484245 1015.963135 0.602202 
180.073242 1024.757935 0.596052 
171.223114 1027.672974 0.571471 
127.046066 1007.047241 0.569015 
 
247.710068 597.904236 0.922280 
200.510986 633.322632 0.884975 
221.101471 639.110107 0.895283 
218.311432 706.827576 0.873925 
265.303253 718.795532 0.857569 
180.004288 630.422913 0.799661 
180.055084 712.785522 0.156171 
244.702927 724.617249 0.273856 
153.551849 783.316284 0.799155 
174.141006 786.244812 0.805221 
194.702438 886.466553 0.839217 
144.689224 998.181396 0.820796 
132.980408 774.576477 0.737476 
153.551392 901.110840 0.856318 
121.216316 1001.208008 0.829670 
244.686203 583.343872 0.863461 
0.000000 0.000000 0.000000 
221.108475 592.114929 0.912024 
0.000000 0.000000 0.000000 
177.056702 1024.641846 0.138105 
171.171234 1024.629761 0.126640 
103.570885 1015.904480 0.635755 
183.015289 1021.810669 0.679979 
174.187546 1024.743042 0.682402 
130.035461 1004.250061 0.579636 
 
247.770889 597.968628 0.935101 
200.593826 636.268738 0.890319 
221.188644 642.062805 0.930512 
218.314957 709.796082 0.879156 
265.403046 724.571289 0.828264 
180.099014 633.345581 0.791002 
185.908539 715.629272 0.197134 
241.838181 733.380798 0.295017 
153.591537 783.320862 0.795046 
174.178116 786.248047 0.811587 
188.853043 892.347107 0.814781 
147.664505 1004.134644 0.823699 
133.019653 774.607605 0.727883 
153.685516 901.122803 0.852826 
121.184921 1001.253906 0.852667 
244.727921 589.135986 0.866388 
0.000000 0.000000 0.000000 
221.117844 597.818054 0.945053 
0.000000 0.000000 0.000000 
174.123703 1021.884766 0.090894 
171.174469 1021.862610 0.089274 
106.339951 1015.921326 0.723251 
188.832718 1027.639648 0.624755 
177.016922 1033.536011 0.616634 
132.920654 1021.735657 0.669954 
 
247.840363 600.905457 0.921984 
200.642944 639.229492 0.895862 
221.266464 644.920349 0.953022 
218.302399 715.621094 0.921392 
265.392670 736.299133 0.828446 
180.089584 639.144531 0.795638 
168.296158 712.772034 0.146954 
227.153336 739.187256 0.197960 
153.599640 783.340637 0.798250 
174.226257 786.236206 0.820419 
191.757477 895.269165 0.801719 
147.661697 1001.245361 0.820907 
132.989227 777.548340 0.737734 
156.594223 903.928467 0.844885 
124.043068 1001.241211 0.854615 
244.815872 595.030457 0.899655 
0.000000 0.000000 0.000000 
221.160614 597.955078 0.980271 
0.000000 0.000000 0.000000 
174.083893 1024.692383 0.092165 
171.135406 1024.645020 0.092753 
106.368561 1015.888855 0.699214 
182.961227 1024.849731 0.579620 
174.135437 1030.628906 0.568620 
132.954514 1018.801758 0.604425 
 
247.869858 600.979309 0.917859 
200.618164 644.901367 0.916027 
221.331680 645.051331 0.965118 
221.068893 715.839783 0.962979 
265.404266 739.333130 0.884828 
179.987228 642.143372 0.824679 
156.565399 715.625061 0.177167 
221.183365 742.179138 0.206408 
153.500809 786.236023 0.821859 
174.149277 786.387817 0.819437 
197.581131 889.409424 0.841218 
150.475662 1001.234070 0.832273 
132.890839 780.495239 0.761568 
159.452423 903.953613 0.837909 
124.062004 1001.349548 0.838412 
244.822189 597.855591 0.933965 
0.000000 0.000000 0.000000 
221.125076 598.079163 0.989248 
0.000000 0.000000 0.000000 
177.111664 1024.701416 0.137111 
174.096375 1021.897705 0.119828 
103.588966 1015.953979 0.660133 
194.715485 1024.899658 0.789308 
177.197174 1030.697266 0.729714 
135.860306 1015.921814 0.574635 
 
250.615234 600.910095 0.911377 
200.707413 645.101562 0.923487 
224.081589 647.880493 0.962286 
218.269012 715.820984 0.951766 
256.604431 739.387573 0.849969 
180.118591 645.113525 0.836928 
162.415863 715.650818 0.140619 
221.155701 742.171753 0.125404 
153.448700 786.356995 0.844068 
174.093277 789.218628 0.833082 
197.779892 889.428284 0.874071 
150.565796 1001.190552 0.858120 
130.143265 786.229736 0.799502 
159.489349 904.011108 0.857857 
124.117668 1001.325684 0.852397 
244.792862 597.847412 0.914384 
0.000000 0.000000 0.000000 
221.139740 600.967041 0.974190 
0.000000 0.000000 0.000000 
171.194260 1024.690552 0.110134 
168.169296 1024.656738 0.094255 
106.398087 1015.936462 0.663561 
188.917465 1024.886719 0.718201 
177.091492 1030.615356 0.701090 
138.845169 1012.983948 0.592193 
 
250.783112 603.824463 0.868484 
203.556030 648.064087 0.891686 
224.136627 648.152222 0.922135 
218.289200 718.637451 0.943304 
262.421997 742.281738 0.848894 
185.967880 648.025696 0.827299 
177.067200 721.583862 0.177479 
221.259216 751.007812 0.228516 
153.459442 789.276367 0.836897 
174.019379 789.423035 0.801518 
200.704987 892.341736 0.840673 
150.561722 1001.129944 0.834348 
132.929611 786.438416 0.797798 
159.511703 906.962952 0.843189 
124.087006 1004.116516 0.826023 
244.913269 598.011414 0.932246 
0.000000 0.000000 0.000000 
221.216934 603.840637 0.960419 
0.000000 0.000000 0.000000 
165.274994 1024.866577 0.097688 
168.128922 1024.812378 0.091396 
106.372673 1018.764465 0.660946 
188.822266 1027.792603 0.582935 
177.021500 1033.589478 0.588111 
138.845734 1007.163879 0.562651 
 
250.793427 615.617981 0.848496 
203.646957 650.958618 0.868741 
224.244934 653.888184 0.869627 
221.090759 724.496216 0.909376 
262.433563 742.373169 0.847131 
188.826187 648.136780 0.815397 
185.936859 724.566162 0.176494 
230.047745 745.233948 0.273516 
153.488953 789.310486 0.834638 
174.061905 792.201782 0.803471 
200.765518 898.120972 0.831506 
150.503372 998.314575 0.819316 
132.951157 789.194519 0.793464 
162.422455 906.967102 0.832221 
124.098633 1004.162292 0.812229 
247.643860 601.027710 0.929764 
0.000000 0.000000 0.000000 
221.286880 609.715515 0.918777 
0.000000 0.000000 0.000000 
168.223801 1024.741943 0.104364 
168.228409 1024.708618 0.097498 
106.373291 1018.787415 0.645961 
182.958069 1030.645508 0.494928 
174.205124 1033.565552 0.515186 
135.924164 1004.229431 0.560106 
 
250.780838 618.497314 0.873335 
203.642548 656.834045 0.848579 
224.262375 662.651917 0.872279 
221.151260 730.413391 0.895675 
259.558441 745.213623 0.803916 
188.848907 651.046875 0.799286 
174.182220 733.321289 0.221422 
224.250092 756.963928 0.382765 
150.683990 789.408691 0.824470 
174.028900 792.271301 0.801809 
203.674545 901.083496 0.834061 
150.684204 998.330383 0.843929 
130.043350 789.336304 0.796916 
168.291534 909.924438 0.827038 
121.186218 1007.090637 0.809178 
247.630127 603.865601 0.922197 
0.000000 0.000000 0.000000 
221.295364 615.614441 0.902105 
0.000000 0.000000 0.000000 
138.817169 1027.680054 0.122916 
130.129364 1024.832642 0.119209 
103.620064 1018.822449 0.680395 
180.078873 1033.605835 0.477321 
174.161362 1036.480347 0.506627 
141.770355 1004.110901 0.606482 
 
250.728622 621.363892 0.903064 
203.608627 659.830872 0.853548 
224.218079 665.552307 0.888839 
221.179459 733.335571 0.907881 
259.540405 750.982727 0.793038 
185.963486 656.854431 0.779070 
159.458984 727.458923 0.247406 
221.312164 762.813354 0.323218 
150.699570 792.257874 0.817833 
174.038605 795.183777 0.799786 
206.506363 904.076111 0.862767 
150.658249 998.366333 0.845074 
130.066422 792.180481 0.784306 
171.173050 910.021301 0.827876 
121.212242 1004.235413 0.829933 
244.924896 606.836609 0.890401 
0.000000 0.000000 0.000000 
221.294983 618.578979 0.922023 
0.000000 0.000000 0.000000 
138.898865 1024.821533 0.104608 
132.936859 1024.671143 0.106837 
106.352203 1015.928589 0.674261 
180.105270 1027.764771 0.480055 
174.178925 1030.690552 0.491691 
141.767899 1004.121887 0.595291 
 
250.645950 621.505066 0.924129 
203.634674 665.568848 0.862163 
224.208313 665.671936 0.908610 
221.211502 736.270996 0.931929 
262.387238 748.064514 0.796677 
188.842361 662.729370 0.778759 
174.099472 736.263000 0.234881 
227.096008 762.703064 0.326938 
150.729858 795.158813 0.811156 
174.086929 798.147461 0.801802 
209.466995 904.161194 0.862232 
150.692368 1001.197876 0.859935 
130.082382 792.283752 0.780525 
171.119095 912.903809 0.821426 
121.201790 1004.189453 0.840094 
244.844055 612.729675 0.876685 
0.000000 0.000000 0.000000 
221.237320 621.434082 0.951721 
0.000000 0.000000 0.000000 
130.134308 1024.755615 0.113258 
129.930771 1021.911194 0.113036 
106.399338 1013.026978 0.688645 
177.212311 1033.558350 0.422726 
174.061783 1036.492432 0.445395 
141.777542 1004.211426 0.627818 
 
250.678146 621.558533 0.921407 
203.553497 668.472168 0.893527 
224.155472 668.520081 0.944496 
221.317093 739.097595 0.964392 
265.411011 745.135559 0.843753 
185.888046 668.484558 0.806480 
180.012863 745.167175 0.231511 
235.934723 765.776184 0.320173 
150.718399 804.052795 0.813452 
174.093903 806.956360 0.814242 
212.390167 907.010376 0.864153 
150.722549 1001.326477 0.852044 
130.065475 803.995300 0.768462 
168.293518 921.685791 0.806700 
123.998215 1004.140503 0.848586 
244.824707 615.604858 0.878882 
0.000000 0.000000 0.000000 
221.196075 621.495117 0.955677 
0.000000 0.000000 0.000000 
132.936142 1024.647949 0.104929 
129.982620 1021.763367 0.104578 
106.409775 1012.985840 0.687481 
182.976120 1030.710693 0.441305 
174.242844 1036.493896 0.467715 
141.779938 1007.137024 0.615556 
 
250.645050 624.429382 0.921876 
200.787277 668.541931 0.901484 
224.137222 668.579590 0.960309 
224.184525 739.234924 0.955941 
271.223969 742.252319 0.852950 
185.889069 668.576416 0.809160 
183.014099 742.301758 0.202758 
244.767792 759.851868 0.274813 
150.699295 809.772156 0.830922 
174.108551 809.881287 0.830413 
212.458221 907.091614 0.869166 
153.419510 1001.170898 0.873247 
130.044998 806.948608 0.794166 
168.225220 924.585205 0.819457 
124.104027 1004.210083 0.843165 
244.834961 618.622559 0.914614 
0.000000 0.000000 0.000000 
221.128754 621.647644 0.964877 
0.000000 0.000000 0.000000 
130.120483 1024.736450 0.104515 
129.957397 1021.856567 0.111979 
106.443390 1015.855103 0.639887 
182.981613 1030.672485 0.447764 
177.013397 1033.575317 0.472803 
141.798660 1004.151794 0.639152 
 
247.863739 624.395569 0.932859 
200.809540 668.599365 0.908054 
224.118423 668.654785 0.976289 
224.298676 739.244263 0.934203 
271.343964 739.354919 0.843201 
188.839600 668.625488 0.824928 
200.623184 742.251831 0.227145 
250.644196 751.064392 0.330975 
153.562134 809.925110 0.833114 
174.255615 812.777039 0.832176 
218.238022 907.150879 0.875854 
153.473557 998.344604 0.865513 
132.905807 809.823425 0.800772 
171.149429 924.684021 0.851819 
127.037598 1001.373901 0.860826 
244.783249 618.631531 0.914823 
0.000000 0.000000 0.000000 
221.112564 624.352600 0.974668 
0.000000 0.000000 0.000000 
130.127762 1024.653564 0.137038 
127.124222 1021.799805 0.133910 
109.382858 1010.024658 0.650600 
180.062759 1030.635986 0.453306 
174.102982 1030.662720 0.485924 
138.868240 1001.254089 0.698051 
 
247.713928 624.537476 0.945847 
200.796188 671.457947 0.905572 
224.107346 671.421753 0.963190 
233.042526 742.099243 0.878232 
271.331940 742.141663 0.804445 
188.808472 671.489624 0.822117 
194.760025 745.150574 0.184430 
247.855759 756.920471 0.306080 
153.660553 812.725891 0.837013 
176.991470 812.854919 0.838889 
218.269638 909.951965 0.874485 
153.454407 1001.125732 0.869048 
133.058945 809.901978 0.785841 
171.170547 927.581177 0.870416 
127.057755 1004.112366 0.857801 
244.634033 621.448975 0.917651 
0.000000 0.000000 0.000000 
221.087662 624.487305 0.954453 
0.000000 0.000000 0.000000 
130.065292 1024.663208 0.127472 
127.133110 1021.762512 0.129684 
109.400085 1010.017212 0.639058 
180.005310 1030.715820 0.424295 
174.113083 1033.558594 0.461374 
138.800507 1001.320435 0.699435 
 
244.912750 624.552185 0.946353 
200.619949 671.565491 0.924950 
221.350143 671.421082 0.957826 
244.760406 739.321899 0.916071 
285.966675 739.329651 0.613108 
180.123154 671.664795 0.819157 
224.195358 748.153381 0.415563 
271.354523 745.254333 0.648705 
153.691681 812.815125 0.831994 
177.029449 812.883301 0.837658 
221.246368 910.038452 0.888236 
153.452621 1001.140076 0.875910 
135.874405 812.771545 0.781671 
174.224884 927.616577 0.893019 
127.188934 1001.307373 0.867441 
241.755432 621.457703 0.901871 
0.000000 0.000000 0.000000 
215.408875 624.451416 0.918673 
0.000000 0.000000 0.000000 
135.892288 1024.740845 0.110349 
130.081787 1021.774414 0.119688 
112.300804 1007.064941 0.653329 
180.034012 1033.602783 0.493025 
174.142395 1033.566040 0.532649 
135.880493 1001.314087 0.736507 
 
244.922531 627.377380 0.927832 
197.833298 671.592957 0.934785 
221.323074 671.429871 0.942674 
247.744614 739.127014 0.865939 
288.884308 739.324829 0.594900 
177.132202 671.674561 0.852438 
212.417023 742.275085 0.322235 
268.346558 739.243225 0.626670 
156.510727 812.841431 0.823704 
177.131729 812.906616 0.833995 
221.365814 912.931580 0.869594 
153.529221 1001.097778 0.881369 
135.963165 812.755981 0.774601 
176.977997 927.688843 0.892836 
127.137794 1001.270447 0.878818 
241.750427 621.539246 0.912850 
0.000000 0.000000 0.000000 
212.421249 624.580322 0.894345 
0.000000 0.000000 0.000000 
132.917236 1024.631104 0.111121 
129.985748 1021.676025 0.116013 
109.490364 1004.218384 0.686255 
180.118607 1030.673340 0.457781 
174.231415 1030.654541 0.493131 
138.789261 1001.217590 0.748880 
 
244.789627 627.354797 0.910240 
200.524719 671.601257 0.938189 
221.318970 671.522705 0.942900 
256.581390 736.333313 0.831159 
291.909729 715.791748 0.825260 
177.192825 671.614868 0.884874 
153.592697 736.294434 0.428727 
0.000000 0.000000 0.000000 
159.423782 812.887756 0.799446 
177.238388 812.971497 0.807947 
224.238495 915.885620 0.845367 
153.518250 1001.104797 0.874541 
141.797119 812.795471 0.772516 
174.257568 930.495117 0.899484 
127.112152 1001.342041 0.848336 
238.833328 621.516418 0.885928 
0.000000 0.000000 0.000000 
209.477722 624.530334 0.906597 
0.000000 0.000000 0.000000 
159.397919 1024.695190 0.101588 
0.000000 0.000000 0.000000 
106.592285 1007.056519 0.657254 
185.921616 1033.591553 0.595747 
177.111557 1030.718506 0.636323 
135.900040 1001.210632 0.738490 
 
244.714676 624.618164 0.927322 
197.790222 671.707825 0.928099 
221.202225 671.541565 0.936209 
268.298462 733.284790 0.853972 
291.823639 695.207764 0.817266 
177.104965 671.727112 0.871677 
221.220642 742.107117 0.541022 
271.323486 727.505493 0.620924 
159.489777 812.965637 0.790715 
180.000977 815.809753 0.795647 
227.143829 915.888306 0.825672 
153.559158 1001.085022 0.882946 
144.720596 812.877380 0.776978 
174.196320 930.679565 0.874090 
127.115891 1004.116760 0.797919 
233.031982 621.488892 0.889346 
0.000000 0.000000 0.000000 
206.562500 624.601746 0.905305 
0.000000 0.000000 0.000000 
135.890198 1024.821167 0.109717 
130.096115 1021.860901 0.117885 
109.380615 1007.042419 0.600859 
180.094009 1033.630249 0.521097 
174.217407 1033.546875 0.562256 
135.925476 1001.152344 0.757577 
 
244.687119 627.353271 0.933137 
200.537537 674.516541 0.910978 
221.237549 671.617126 0.921025 
274.173065 721.694641 0.866657 
291.882721 692.163025 0.747531 
177.208527 674.517029 0.841302 
224.137283 739.312012 0.640768 
280.074799 703.948547 0.651437 
165.271286 812.962402 0.785037 
180.062714 815.784790 0.788804 
227.233292 918.764526 0.821771 
153.594940 1001.078125 0.881755 
147.681808 812.893188 0.783588 
177.067032 930.709473 0.835173 
127.099518 1001.364563 0.783180 
230.135193 621.539246 0.911156 
0.000000 0.000000 0.000000 
206.498505 624.637878 0.908234 
0.000000 0.000000 0.000000 
133.001984 1024.871704 0.109548 
130.047134 1024.698975 0.113884 
109.373871 1004.228516 0.599620 
182.958817 1033.617310 0.525922 
174.225418 1030.705566 0.575881 
138.790359 1001.133301 0.763454 
 
241.902802 624.567078 0.928519 
200.511246 674.469055 0.914696 
221.190506 671.525208 0.927226 
285.984131 718.727600 0.875040 
291.765991 683.321838 0.788535 
177.184036 674.517700 0.844378 
221.171417 739.350037 0.633182 
268.394196 715.785156 0.635440 
168.280960 815.745972 0.783555 
183.014221 815.831238 0.757088 
230.131195 918.815125 0.817897 
153.584686 998.314270 0.871698 
150.539169 812.939331 0.793313 
176.987427 936.421875 0.812821 
127.071785 1004.204529 0.701887 
230.031921 621.476929 0.919093 
0.000000 0.000000 0.000000 
203.709824 627.360962 0.907570 
0.000000 0.000000 0.000000 
127.024719 1024.785522 0.101413 
124.099823 1021.747009 0.115857 
106.510559 1009.999023 0.514844 
177.104752 1027.801880 0.408006 
174.034103 1027.766968 0.436640 
138.795746 998.352051 0.735821 
 
241.905518 624.548340 0.931023 
200.541550 674.509888 0.900365 
221.121414 671.553345 0.911456 
291.925110 715.604370 0.917450 
291.841095 668.692322 0.924615 
179.989883 674.573120 0.802954 
230.078552 736.344055 0.422832 
277.188446 698.064636 0.319867 
171.247772 815.887695 0.789728 
188.918823 818.752197 0.736336 
233.025955 918.781799 0.817959 
153.569748 998.277161 0.871314 
150.655014 815.846680 0.783332 
174.270020 936.424866 0.833860 
127.043396 1004.264954 0.721430 
230.036591 621.444214 0.919516 
0.000000 0.000000 0.000000 
203.633881 624.638794 0.925848 
0.000000 0.000000 0.000000 
132.924072 1024.767944 0.091888 
129.998840 1021.737915 0.111196 
106.442909 1010.043884 0.536782 
180.027008 1030.672607 0.485799 
174.217422 1027.794678 0.522309 
135.891006 998.326172 0.753200 
 
241.875610 624.611023 0.917478 
200.541412 671.718018 0.904724 
218.350464 671.532410 0.910658 
294.902496 706.834839 0.878989 
291.884247 662.695740 0.884783 
180.048569 674.455872 0.815812 
238.887970 730.401062 0.474917 
271.345306 703.900513 0.357678 
174.064209 818.716248 0.798608 
191.841537 821.626648 0.739170 
235.910980 918.829895 0.820879 
153.617416 998.257324 0.864387 
153.461197 815.862122 0.783279 
176.972275 936.443420 0.840024 
127.033043 1007.091736 0.695352 
227.238464 621.486450 0.927557 
0.000000 0.000000 0.000000 
203.591629 627.352966 0.928105 
0.000000 0.000000 0.000000 
130.027420 1024.796997 0.095569 
129.942047 1021.737549 0.113157 
106.417046 1010.075317 0.522341 
180.037689 1033.599854 0.487555 
174.230835 1030.631226 0.525165 
135.872437 998.291687 0.771746 
 
241.854523 624.592407 0.930060 
200.545731 674.451538 0.900193 
218.315674 671.538574 0.893592 
300.780945 695.234497 0.876666 
291.724854 648.166992 0.909770 
180.103104 674.499390 0.796506 
235.905823 727.457947 0.537856 
265.370972 703.925964 0.314421 
174.153824 818.745911 0.805444 
194.672897 821.652954 0.744629 
235.953094 921.708130 0.827501 
153.653473 998.266907 0.862405 
153.608246 818.686462 0.776484 
177.150131 933.523254 0.835965 
127.066025 1007.073120 0.736481 
227.162354 621.473267 0.933319 
0.000000 0.000000 0.000000 
203.531128 624.600159 0.944342 
0.000000 0.000000 0.000000 
130.024628 1024.829712 0.114423 
127.061569 1021.794434 0.123624 
106.440552 1012.971130 0.580489 
182.987106 1036.558350 0.539486 
177.101501 1033.559814 0.575669 
135.910721 998.331299 0.775126 
 
241.811325 624.626770 0.906687 
200.607971 671.557495 0.910677 
221.235748 671.429688 0.921604 
312.380432 692.107788 0.919639 
286.015320 645.030579 0.892241 
180.062134 671.596863 0.827302 
244.699539 695.087830 0.205804 
262.416321 674.517029 0.125001 
174.164612 818.724670 0.803866 
194.709961 821.614685 0.746651 
235.963013 921.700806 0.826147 
156.467819 998.238586 0.857880 
153.613083 818.698181 0.768394 
177.131210 933.471558 0.848735 
127.038399 1007.090271 0.752406 
227.167114 621.494629 0.923395 
0.000000 0.000000 0.000000 
203.542725 624.522034 0.957967 
0.000000 0.000000 0.000000 
132.932541 1030.646484 0.153779 
127.039993 1024.836914 0.143477 
106.405678 1015.850342 0.618283 
185.887894 1039.469604 0.572753 
177.139801 1033.616699 0.601004 
138.847305 998.296387 0.765276 
 
241.859283 624.597046 0.925837 
200.672668 671.456360 0.920701 
221.338715 668.673157 0.923369 
312.509064 680.376221 0.880480 
285.959961 633.332153 0.845490 
180.090775 671.525574 0.840210 
247.729401 689.214661 0.354870 
265.402710 648.036682 0.266252 
176.969666 815.817200 0.808742 
197.580383 815.874512 0.764158 
235.975204 921.731201 0.826602 
156.479248 998.249512 0.847727 
156.443085 815.796204 0.769197 
177.174927 930.682251 0.855372 
127.031876 1007.078857 0.770254 
230.085464 621.457336 0.908852 
0.000000 0.000000 0.000000 
203.590210 624.417297 0.944477 
0.000000 0.000000 0.000000 
132.973663 1030.609131 0.171968 
127.048195 1027.678223 0.154463 
106.406586 1015.870728 0.642466 
185.918228 1039.458008 0.603754 
177.170410 1033.610229 0.629230 
138.836609 998.350708 0.747246 
 
241.889938 624.598572 0.907849 
200.639893 671.438538 0.907543 
221.259293 668.579956 0.922430 
315.380310 671.481079 0.994242 
280.087616 624.429871 0.876090 
180.081879 671.563416 0.808988 
250.674332 692.065918 0.159435 
262.452057 642.144104 0.125403 
177.206680 815.824219 0.800096 
197.745346 815.864685 0.786104 
235.903595 921.784058 0.833449 
156.465744 998.282104 0.854741 
162.367493 815.800049 0.741606 
177.206436 930.687378 0.852797 
126.989464 1007.097717 0.769330 
230.113770 621.422363 0.882230 
0.000000 0.000000 0.000000 
203.665619 624.330444 0.934207 
0.000000 0.000000 0.000000 
132.957428 1030.652954 0.189484 
127.058662 1030.600708 0.168053 
106.395264 1015.894714 0.646206 
185.921310 1039.464478 0.603849 
177.166901 1036.474976 0.632383 
141.727371 1001.087097 0.744410 
 
244.653351 624.520142 0.880726 
200.576950 668.619385 0.924677 
221.274918 665.627197 0.909439 
315.481659 668.458252 0.946556 
280.066040 621.429382 0.872647 
177.162109 671.508057 0.854102 
241.883560 692.086365 0.054374 
0.000000 0.000000 0.000000 
177.254639 812.916321 0.816572 
200.529221 815.729004 0.805187 
235.903168 921.701782 0.827212 
156.519836 998.235718 0.852491 
162.402588 812.845947 0.763032 
177.187393 930.558044 0.860976 
127.043861 1004.242126 0.779414 
233.041901 618.559387 0.843591 
0.000000 0.000000 0.000000 
206.546844 621.451904 0.916907 
0.000000 0.000000 0.000000 
130.102341 1027.752197 0.162251 
124.107910 1024.808105 0.150480 
106.469002 1012.974792 0.616058 
183.009384 1039.468262 0.518517 
177.136383 1033.615967 0.553329 
141.802795 998.318298 0.747981 
 
244.687302 624.371094 0.876325 
200.643234 668.528931 0.904916 
221.243881 662.740601 0.888686 
315.539215 653.865723 0.954029 
271.373138 603.958679 0.868996 
180.005524 671.455078 0.825301 
0.000000 0.000000 0.000000 
0.000000 0.000000 0.000000 
180.100479 812.845215 0.807877 
200.606247 812.893188 0.804509 
233.057571 915.910217 0.809823 
156.534958 998.234558 0.847499 
168.240784 812.792847 0.775365 
177.123718 930.587952 0.875946 
126.994942 1007.088318 0.780983 
235.956711 615.690979 0.829581 
0.000000 0.000000 0.000000 
209.415833 618.638184 0.892579 
0.000000 0.000000 0.000000 
133.027618 1030.630249 0.202960 
127.051544 1030.610474 0.179319 
106.397072 1015.931274 0.662810 
185.932144 1042.374023 0.561250 
180.033432 1036.555786 0.584050 
144.681168 998.352966 0.742806 
 
244.746582 621.384583 0.884372 
200.811447 662.773071 0.853156 
224.313263 653.964539 0.859419 
318.327667 647.895935 1.027493 
271.389160 600.973267 0.925236 
180.074158 668.565796 0.797956 
230.111221 671.414734 0.057423 
0.000000 0.000000 0.000000 
180.036285 809.966370 0.817815 
200.587540 809.986572 0.818448 
235.997665 910.041199 0.836997 
156.565353 998.206482 0.846600 
165.289658 809.938599 0.763189 
177.201111 927.692749 0.870871 
127.145485 1001.325684 0.822006 
235.988159 609.798584 0.815278 
0.000000 0.000000 0.000000 
209.466873 618.488159 0.875363 
0.000000 0.000000 0.000000 
132.978500 1024.871460 0.163711 
118.289337 1021.867615 0.149333 
106.600861 1010.038452 0.649910 
185.940903 1039.460815 0.508602 
180.018997 1033.593506 0.541344 
144.723862 998.322449 0.747172 
 
244.774689 615.561279 0.861041 
203.628220 653.875732 0.838863 
227.108261 648.122742 0.895100 
318.377350 644.890808 0.972438 
274.181702 597.857117 0.862582 
182.980148 662.665588 0.737782 
227.180908 671.496826 0.064843 
0.000000 0.000000 0.000000 
182.973099 809.771545 0.775356 
200.693420 809.801453 0.793366 
233.041214 909.947266 0.837341 
159.388916 998.144409 0.825696 
168.263336 806.962036 0.738971 
180.011948 924.732483 0.848930 
129.908035 1001.278870 0.850375 
238.835648 603.833740 0.841514 
0.000000 0.000000 0.000000 
212.385773 606.845520 0.854714 
0.000000 0.000000 0.000000 
130.103668 1024.722534 0.158424 
118.253441 1021.725098 0.149482 
109.461037 1010.010193 0.658632 
180.100662 1036.544922 0.444585 
177.174896 1030.671997 0.475435 
147.608215 998.281128 0.705064 
 
244.849442 609.701416 0.853821 
203.690674 648.155457 0.864507 
227.140137 645.197998 0.902567 
318.444794 627.515381 0.924634 
274.234406 583.302795 0.826180 
182.973984 656.852661 0.744493 
227.184204 665.680115 0.065803 
0.000000 0.000000 0.000000 
183.054642 804.016541 0.737924 
200.751450 806.864197 0.754296 
230.135483 907.094360 0.855951 
156.556046 998.189392 0.827071 
171.136490 801.042725 0.715672 
182.969696 915.892761 0.798830 
129.878220 1001.173218 0.861941 
238.943085 600.956970 0.863551 
0.000000 0.000000 0.000000 
212.406876 603.856201 0.893297 
0.000000 0.000000 0.000000 
135.862335 1021.855652 0.105516 
127.031136 1010.107300 0.106284 
109.414177 1007.094604 0.675805 
188.839142 1036.512085 0.457845 
180.075089 1030.703491 0.486810 
147.601501 998.325195 0.659075 
 
247.604462 600.921570 0.871032 
206.506577 647.934021 0.879323 
227.222107 645.042480 0.885050 
318.423157 621.671570 1.004345 
274.196106 577.410767 0.887033 
182.997375 650.960632 0.765704 
224.195190 659.796448 0.059256 
0.000000 0.000000 0.000000 
191.767960 798.082947 0.726021 
203.594147 801.011658 0.718267 
224.170761 907.053711 0.889668 
153.647812 1001.123108 0.830696 
174.121704 792.314209 0.739777 
180.018616 909.924561 0.842100 
127.177963 1001.173523 0.888797 
241.850647 597.883118 0.859173 
0.000000 0.000000 0.000000 
218.219833 600.823669 0.956640 
0.000000 0.000000 0.000000 
135.930420 1024.734375 0.102061 
127.033554 1013.015686 0.098788 
109.436195 1007.129150 0.677661 
191.824539 1033.538086 0.553319 
180.079422 1033.624512 0.561303 
144.656769 1004.136902 0.592789 
 
247.710938 597.977234 0.915295 
215.321457 642.088928 0.842580 
235.910889 636.257202 0.801305 
318.430145 618.456482 0.940489 
277.229004 571.396057 0.836443 
194.766052 645.053589 0.791500 
247.702896 644.951599 0.059783 
0.000000 0.000000 0.000000 
194.645905 789.253540 0.779647 
206.572922 789.336731 0.740780 
224.110046 904.109558 0.895874 
153.653000 998.323486 0.835745 
174.139313 786.431091 0.786926 
180.082306 906.924072 0.867811 
127.171616 1001.101196 0.901487 
244.749451 592.120239 0.880594 
0.000000 0.000000 0.000000 
221.085663 597.902405 0.944717 
0.000000 0.000000 0.000000 
168.199127 1024.853394 0.105827 
129.935806 1007.173645 0.096033 
112.311043 1004.227783 0.694318 
191.834427 1030.634155 0.563465 
180.001709 1033.559326 0.563544 
144.692978 1001.293701 0.622166 
 
247.816116 595.019897 0.899975 
218.294327 630.380005 0.856884 
241.756210 624.619324 0.861945 
318.537079 603.858093 0.923194 
291.760742 553.822327 0.870664 
197.650131 639.157349 0.783057 
256.513885 621.526672 0.223422 
277.136749 565.634888 0.252107 
197.576859 786.368896 0.810841 
215.338669 786.453064 0.736226 
224.108322 898.226807 0.834077 
153.648758 1001.095520 0.840786 
177.002853 786.286133 0.812164 
177.256546 901.134216 0.841338 
129.889847 998.328857 0.904884 
244.781677 583.342163 0.883450 
0.000000 0.000000 0.000000 
221.131790 594.975952 0.931599 
0.000000 0.000000 0.000000 
171.150696 1024.806763 0.113539 
171.118271 1024.684814 0.095682 
115.245033 1004.168030 0.731294 
197.574677 1033.557129 0.665994 
180.115723 1036.510986 0.650293 
144.658829 1004.210632 0.657775 
 
250.655350 583.329041 0.853890 
218.297119 624.547546 0.870067 
238.868423 621.585449 0.878695 
318.534760 597.994263 0.962242 
291.793549 545.012878 0.828761 
197.675552 630.310791 0.756393 
247.700897 627.441650 0.070077 
0.000000 0.000000 0.000000 
197.588684 783.386536 0.789850 
218.196823 783.453796 0.714723 
221.151382 898.130493 0.833484 
153.701645 1001.124207 0.829106 
177.020844 780.486877 0.780801 
177.190109 898.151978 0.819782 
129.933990 998.322571 0.882216 
244.899918 577.374573 0.963117 
0.000000 0.000000 0.000000 
221.186035 580.335449 0.946604 
0.000000 0.000000 0.000000 
135.949783 1021.819214 0.093847 
0.000000 0.000000 0.000000 
118.195335 1004.199768 0.695471 
197.596634 1030.614380 0.657223 
182.975845 1033.575928 0.634209 
147.571182 1007.106201 0.639789 
 
250.744995 577.508545 0.877991 
221.204025 621.516113 0.916596 
241.852982 618.534302 0.861575 
321.317261 583.318787 0.869658 
297.732117 530.357849 0.843183 
200.531204 624.424133 0.806131 
265.377106 600.989441 0.224887 
253.702011 536.149170 0.169373 
197.742584 765.886902 0.812553 
221.114655 768.745300 0.764483 
221.247726 886.436096 0.859742 
153.714874 998.241577 0.836944 
177.141602 765.784058 0.809485 
177.194565 883.572327 0.870650 
130.035278 995.293640 0.864269 
247.627945 574.462524 0.942727 
0.000000 0.000000 0.000000 
221.214981 577.418396 0.961306 
0.000000 0.000000 0.000000 
177.057953 1024.727417 0.133687 
174.181046 1021.925659 0.093325 
118.225479 1001.160461 0.756555 
197.667404 1030.718384 0.715821 
182.980576 1033.565430 0.686414 
144.673553 1004.177917 0.675755 
 
256.527802 574.542908 0.875972 
221.129044 618.521912 0.882124 
244.812805 606.878601 0.862105 
324.224487 577.317993 0.904844 
312.389740 518.476990 0.785803 
197.556473 621.603027 0.810301 
271.382843 598.077942 0.160224 
315.384094 527.194336 0.082603 
197.799210 762.890686 0.823289 
221.195877 765.717163 0.794678 
218.328094 883.406250 0.868359 
162.413269 995.289795 0.773251 
177.184464 762.810181 0.802466 
177.204468 883.371704 0.878279 
133.034637 989.443237 0.795036 
247.796021 571.386414 0.903474 
0.000000 0.000000 0.000000 
224.140289 574.418823 0.966927 
0.000000 0.000000 0.000000 
180.062408 1024.715698 0.146246 
188.795700 1024.644409 0.109526 
124.031372 998.189331 0.754871 
197.672760 1036.500122 0.690718 
188.908707 1030.679810 0.674720 
150.525223 1001.260620 0.638385 
 
256.551117 571.490723 0.781976 
221.247299 609.730347 0.887710 
247.631287 600.953918 0.912872 
324.259644 565.592712 0.795104 
318.365967 503.719208 0.844513 
194.808762 618.598389 0.817359 
283.034271 577.468140 0.600139 
297.799225 521.440674 0.551223 
197.821167 759.795776 0.796889 
221.266464 762.672607 0.779464 
221.183731 877.565125 0.845411 
171.183884 995.273193 0.790332 
177.173233 756.889099 0.749366 
177.201080 880.468506 0.876674 
141.803619 986.447571 0.786043 
247.786682 559.787109 0.863383 
0.000000 0.000000 0.000000 
224.304779 571.498962 0.930986 
0.000000 0.000000 0.000000 
171.186111 1021.736816 0.142946 
168.215393 1018.840393 0.102005 
126.998528 998.103516 0.795277 
197.671082 1033.602295 0.643646 
191.801132 1027.806396 0.655088 
153.593414 1001.283264 0.634712 
 
259.547974 565.566284 0.767907 
221.286545 603.902100 0.894871 
244.811813 600.847473 0.891299 
321.396759 553.978394 0.840580 
333.040924 497.944580 0.834683 
197.783798 612.702332 0.775167 
288.869507 568.550720 0.710676 
294.928192 506.736206 0.797903 
200.619583 753.929321 0.786141 
221.349869 756.862793 0.756667 
221.084991 877.539856 0.825690 
174.172150 995.224121 0.796061 
179.983597 750.990540 0.740983 
177.223343 877.573120 0.855998 
144.717514 983.533386 0.806983 
247.890182 556.734863 0.882139 
0.000000 0.000000 0.000000 
227.105209 565.638367 0.900760 
0.000000 0.000000 0.000000 
171.204086 1021.776733 0.176513 
162.400009 1021.773193 0.141110 
127.046562 995.287659 0.815867 
197.717804 1036.527832 0.709222 
191.751862 1030.668823 0.680826 
162.349609 1001.228577 0.593221 
 
262.445557 556.886658 0.816066 
224.057877 600.887024 0.915943 
244.882477 597.843689 0.884062 
318.258484 547.932556 0.885249 
338.977844 477.332489 0.833726 
200.553787 606.801819 0.791392 
288.980042 559.675415 0.320528 
294.740631 509.734039 0.672289 
200.676483 745.185608 0.806525 
224.155533 748.080261 0.783522 
221.212494 871.717041 0.839402 
176.995621 992.318359 0.797900 
177.249481 745.088074 0.782601 
180.042603 871.640991 0.839238 
147.611313 977.785583 0.844263 
250.699661 553.851318 0.900384 
0.000000 0.000000 0.000000 
227.175018 562.617920 0.892545 
0.000000 0.000000 0.000000 
165.345078 1021.687866 0.224943 
159.400192 1021.689331 0.189056 
129.923859 992.351379 0.833546 
197.666702 1027.804810 0.705317 
188.852936 1027.655151 0.687861 
165.329346 1001.216736 0.623648 
 
262.485260 553.918030 0.765457 
221.366211 598.050903 0.924667 
244.747269 594.994141 0.863462 
306.570526 542.010925 0.745873 
341.881104 480.319061 0.885381 
200.666763 601.023926 0.823509 
288.940338 547.966736 0.116572 
294.698212 506.669373 0.450920 
200.630722 742.292053 0.813010 
224.061829 745.114685 0.786380 
218.300491 871.717957 0.816052 
177.008774 989.465881 0.797359 
177.249512 742.229126 0.785760 
177.257004 865.839783 0.852494 
147.714874 977.633240 0.873728 
250.774094 550.956482 0.852528 
268.479187 550.877869 0.079895 
227.205032 556.833435 0.915936 
0.000000 0.000000 0.000000 
156.501556 1010.026550 0.120145 
153.521500 998.331055 0.094480 
130.081696 992.312500 0.795517 
197.788544 1021.858643 0.479051 
194.751175 1021.896729 0.517266 
168.248062 1001.188965 0.628004 
 
Last frame read and added to queue. Closing program after it is processed.
265.329224 553.744507 0.619435 
221.188599 598.067078 0.928211 
244.648743 594.928833 0.840323 
294.923645 536.210876 0.779895 
344.852081 480.192261 0.868789 
197.736557 603.848938 0.840037 
0.000000 0.000000 0.000000 
0.000000 0.000000 0.000000 
200.727615 742.159790 0.809309 
224.146484 742.224792 0.792429 
218.339294 868.744019 0.824554 
177.127548 989.472900 0.804409 
180.048401 739.355957 0.770628 
177.227371 862.932190 0.865279 
147.627197 977.578003 0.863703 
253.654022 550.828918 0.766888 
0.000000 0.000000 0.000000 
227.236755 556.777344 0.918624 
0.000000 0.000000 0.000000 
153.743774 1007.074585 0.153339 
150.642609 1001.233398 0.110505 
130.080872 989.437256 0.833332 
200.634781 1024.726929 0.579221 
197.656708 1024.720825 0.628682 
171.135101 1001.210510 0.670548 
 
262.370880 553.723022 0.436362 
221.247650 597.883728 0.923799 
244.826248 589.160522 0.838414 
294.989014 527.365479 0.885059 
344.892517 480.160095 0.844853 
197.675720 600.907898 0.860758 
0.000000 0.000000 0.000000 
0.000000 0.000000 0.000000 
200.782806 742.148315 0.807489 
224.216309 742.240784 0.792578 
218.244858 868.724487 0.817819 
177.190277 983.529480 0.809848 
180.102127 739.312134 0.763154 
177.240891 862.889099 0.864848 
150.488892 974.719971 0.883619 
253.580826 550.760986 0.674276 
0.000000 0.000000 0.000000 
230.068832 553.874634 0.931257 
0.000000 0.000000 0.000000 
150.673462 986.460876 0.102622 
130.002991 974.742004 0.126427 
133.003967 983.594482 0.807591 
203.587601 1018.903259 0.463932 
200.617386 1021.699463 0.532447 
171.236679 998.146790 0.652477 
 
OpenPose demo successfully finished. Total time: 51.134639 seconds.
