Starting OpenPose demo...
Configuring OpenPose...
Starting thread(s)...
Auto-detecting all available GPUs... Detected 1 GPU(s), using 1 of them starting at GPU 0.
1377.819580 695.197449 0.952772 
1401.640991 745.250732 0.876655 
1377.860352 748.036926 0.892671 
1374.865479 809.920715 0.727353 
1348.410889 806.961304 0.727816 
1430.899170 745.255737 0.857539 
1445.596313 809.908325 0.987207 
1383.791870 792.274780 0.858444 
1407.407471 862.973083 0.811205 
1392.699951 862.893127 0.816412 
1378.055054 959.963928 0.865140 
1433.857788 1048.271362 0.730810 
1425.191040 865.786255 0.821493 
1424.900146 968.810120 0.883813 
1422.073730 1074.809326 0.805442 
1377.874268 692.257141 0.151126 
1380.998535 692.248901 0.922751 
0.000000 0.000000 0.000000 
1404.514893 698.104309 0.917073 
1407.376587 1074.795166 0.245550 
1416.204956 1074.856445 0.325086 
1422.097534 1074.856445 0.617471 
1422.094727 1074.857788 0.198388 
0.000000 0.000000 0.000000 
1445.715454 1051.242920 0.461995 
 
1377.819092 695.200562 0.952248 
1401.640503 745.249390 0.876877 
1377.860474 748.032959 0.892716 
1374.869751 809.918762 0.725523 
1348.415771 806.951599 0.725846 
1430.898560 745.254822 0.857866 
1445.595825 809.908569 0.987046 
1383.791870 792.273132 0.858695 
1407.412476 862.973145 0.810709 
1392.705688 862.892090 0.816917 
1378.054565 959.960205 0.865271 
1433.852539 1048.282593 0.728889 
1425.193359 865.787292 0.820949 
1424.899048 968.808105 0.883474 
1422.071289 1074.809692 0.806027 
1377.869751 692.258362 0.153534 
1380.998901 692.250366 0.922519 
0.000000 0.000000 0.000000 
1404.517334 698.102112 0.917568 
1407.375977 1074.796021 0.245429 
1416.201294 1074.856934 0.324578 
1422.094238 1074.856812 0.617710 
1422.096191 1074.858521 0.197579 
0.000000 0.000000 0.000000 
1445.715942 1051.257690 0.458928 
 
1375.107666 695.112976 0.961950 
1401.563477 745.255005 0.884148 
1375.090332 748.058289 0.890638 
1372.053955 812.777771 0.724631 
1348.412231 809.917419 0.769768 
1430.875977 745.253540 0.858827 
1445.523926 809.935364 0.977472 
1380.928467 792.363770 0.855648 
1407.324219 865.863770 0.811395 
1389.756592 865.784180 0.793538 
1377.853149 957.167542 0.893330 
1430.883179 1048.272583 0.776271 
1425.174438 868.722900 0.816534 
1422.225220 971.661682 0.881876 
1421.992676 1074.804810 0.724542 
1375.129517 692.214050 0.196126 
1380.967163 692.180908 0.921625 
0.000000 0.000000 0.000000 
1404.483887 698.063721 0.933315 
1410.276123 1074.802490 0.236550 
1416.196899 1074.853882 0.314861 
1422.038818 1074.853882 0.545093 
1422.074707 1074.859619 0.205757 
0.000000 0.000000 0.000000 
1445.628540 1051.259644 0.502824 
 
1375.042725 695.157410 0.957471 
1401.462769 748.090698 0.887079 
1374.970703 751.016418 0.866071 
1357.417480 815.865173 0.725259 
1336.748169 810.011414 0.790876 
1428.033081 745.236938 0.874462 
1445.504028 809.888855 0.974937 
1380.860107 801.029907 0.838551 
1404.491089 868.797791 0.812072 
1389.660034 868.729370 0.784904 
1375.110229 962.906677 0.874681 
1428.057129 1048.183105 0.775717 
1425.112061 871.673950 0.820254 
1422.217041 971.651733 0.864091 
1422.104736 1057.191528 0.660458 
1375.080566 692.245728 0.218537 
1380.898804 692.216736 0.931951 
0.000000 0.000000 0.000000 
1404.411255 698.089233 0.938506 
1398.557129 1051.368530 0.305533 
1413.290039 1074.836426 0.345019 
1422.158813 1074.838745 0.520419 
1413.239014 1074.834961 0.215438 
0.000000 0.000000 0.000000 
1445.596191 1051.203613 0.517675 
 
1374.968140 695.162048 0.947819 
1401.409790 751.076721 0.878823 
1374.927979 756.889404 0.872101 
1357.376709 818.755066 0.740020 
1333.818481 812.771301 0.839308 
1427.955078 748.077942 0.872498 
1445.473267 809.865723 0.969874 
1378.067627 806.929932 0.874191 
1404.444214 868.785828 0.816748 
1386.792969 868.739868 0.789751 
1375.058472 960.023865 0.878933 
1422.043457 1045.297852 0.776885 
1425.051636 868.809814 0.819474 
1422.213501 971.777039 0.891500 
1425.023315 1074.812866 0.682639 
1375.035767 692.267090 0.202945 
1380.835449 692.198669 0.938220 
0.000000 0.000000 0.000000 
1401.667114 698.093811 0.949481 
1421.980347 1074.816284 0.202371 
1422.080078 1074.856079 0.288613 
1425.144287 1074.838745 0.495658 
1398.598389 1051.332397 0.350308 
1392.697021 1051.353882 0.344875 
1428.052612 1048.192383 0.456090 
 
1374.864136 695.278015 0.921934 
1398.674927 756.844543 0.888235 
1372.111816 759.852722 0.883950 
1357.428467 821.665955 0.718516 
1333.864380 812.876038 0.798555 
1425.172363 748.113281 0.877140 
1442.731079 809.875916 0.957825 
1378.015991 809.734619 0.903765 
1401.662109 871.661621 0.819013 
1386.722534 868.779297 0.791268 
1374.955566 959.963562 0.869676 
1407.378784 1045.372314 0.775753 
1424.965942 871.668579 0.819495 
1422.061157 971.661255 0.865138 
1422.189087 1074.801270 0.702020 
1374.905151 695.000122 0.338232 
1378.037109 692.282837 0.957248 
0.000000 0.000000 0.000000 
1401.610840 698.100769 0.947647 
1416.196777 1074.826050 0.212990 
1422.036377 1074.857788 0.291770 
1425.033081 1074.821777 0.483143 
1383.812134 1054.192383 0.315094 
1377.949951 1051.262573 0.358881 
1419.135620 1048.362061 0.444545 
 
1374.835571 698.006714 0.912990 
1398.608521 756.862244 0.901389 
1371.964355 759.816528 0.864165 
1357.291016 824.560730 0.761679 
1333.780151 815.791748 0.796210 
1425.106445 748.146973 0.879602 
1442.632690 809.925659 0.944328 
1377.971191 809.916077 0.933416 
1401.630127 871.653564 0.825444 
1383.872314 868.748779 0.796256 
1374.850952 960.025757 0.858045 
1401.401611 1048.224976 0.831579 
1424.918091 871.703491 0.822512 
1419.206543 968.812500 0.845124 
1422.224976 1057.204834 0.757146 
1374.884521 695.019775 0.241614 
1377.998047 692.302368 0.962452 
0.000000 0.000000 0.000000 
1401.572021 698.172913 0.941222 
1407.342651 1074.798950 0.247417 
1419.171509 1074.851074 0.327656 
1425.033081 1074.818970 0.546859 
1377.928711 1054.267334 0.380064 
1374.952515 1051.287720 0.412643 
1404.527466 1051.273682 0.496906 
 
1372.027222 698.112061 0.894921 
1398.580078 756.842590 0.900729 
1371.964966 759.747925 0.860477 
1357.325317 815.784424 0.756937 
1336.711670 815.863708 0.772629 
1425.047729 751.020325 0.888401 
1439.786377 812.714417 0.919724 
1378.024902 812.844910 0.921607 
1401.564941 868.783142 0.838937 
1383.828125 865.876160 0.805340 
1374.884766 959.989380 0.871525 
1398.428467 1048.191406 0.896703 
1422.170410 871.702576 0.825373 
1419.081787 968.788330 0.835574 
1424.909790 1074.803101 0.787949 
1372.015381 695.122559 0.349760 
1377.898438 695.045410 0.977820 
0.000000 0.000000 0.000000 
1401.518311 701.004883 0.936565 
1413.231079 1074.834717 0.247751 
1422.146729 1074.864258 0.312597 
1425.105591 1074.828491 0.559533 
1374.965454 1074.802612 0.389786 
1372.020020 1054.182983 0.417746 
1401.507324 1051.255249 0.685933 
 
1371.959473 701.058228 0.861977 
1398.528320 759.752075 0.908179 
1369.155884 762.643066 0.869741 
1357.365601 818.717590 0.730057 
1336.800781 827.576538 0.780464 
1424.988403 753.939453 0.886763 
1442.604370 812.730408 0.923972 
1377.983765 815.758789 0.900307 
1401.502441 868.807861 0.844867 
1380.957275 868.772217 0.816326 
1374.956299 962.922852 0.879578 
1389.760498 1051.208130 0.821896 
1422.130249 871.685791 0.824159 
1416.125488 965.915771 0.815533 
1422.167480 1074.818115 0.854718 
1369.137573 695.279663 0.304981 
1375.141113 695.137573 0.980181 
0.000000 0.000000 0.000000 
1401.412842 701.041626 0.936949 
1407.336914 1074.847046 0.259252 
1422.092407 1074.880127 0.297710 
1425.030151 1074.844360 0.601796 
1369.070923 1074.806885 0.362019 
1360.345825 1054.268433 0.369510 
1398.451172 1074.805420 0.661546 
 
1369.151245 703.929626 0.844725 
1398.473877 759.831482 0.915108 
1366.213745 762.703674 0.874183 
1371.945190 821.675964 0.714261 
1342.642944 833.504272 0.801307 
1424.964600 756.891968 0.887927 
1439.748779 812.849487 0.903147 
1377.884155 821.714233 0.859745 
1401.453613 871.716187 0.845844 
1380.861572 871.652466 0.825307 
1374.997314 965.871460 0.881136 
1380.852661 1048.330444 0.893652 
1422.110352 874.598083 0.830036 
1410.298462 965.926147 0.824488 
1424.909058 1074.806519 0.864186 
1369.106323 698.092773 0.167689 
1375.095093 695.170654 0.981097 
0.000000 0.000000 0.000000 
1398.672729 706.842224 0.923274 
1413.239624 1074.842529 0.281084 
1425.000977 1074.871094 0.342357 
1425.078857 1074.840088 0.666051 
1369.052979 1074.802979 0.388290 
1357.405396 1054.221069 0.418528 
1392.576416 1054.192871 0.718269 
 
1369.035645 703.971313 0.834747 
1398.395386 759.912903 0.914728 
1363.273926 762.794006 0.883872 
1372.068359 815.732300 0.755886 
1348.516113 830.458801 0.779898 
1424.899902 759.749390 0.897159 
1439.756836 812.904846 0.897534 
1377.930420 830.402344 0.884770 
1401.389038 874.594543 0.852673 
1378.064697 871.731995 0.839722 
1374.945923 968.812317 0.883262 
1377.967529 1051.216553 0.874418 
1422.072876 874.645020 0.837539 
1404.454346 965.892761 0.853489 
1422.192993 1074.814941 0.877555 
1363.250854 698.069824 0.235962 
1375.056641 695.205933 0.975734 
0.000000 0.000000 0.000000 
1398.609619 709.825439 0.926664 
1410.315063 1074.855103 0.274568 
1425.036255 1074.879028 0.324768 
1425.047729 1074.849365 0.651095 
1363.203735 1074.811890 0.368761 
1354.428833 1054.315918 0.386716 
1386.742065 1074.801392 0.705444 
 
1363.265625 712.683533 0.861015 
1395.639893 762.706970 0.920507 
1363.177490 762.856445 0.895848 
1360.328125 815.836060 0.754530 
1348.399048 833.441650 0.839214 
1422.140015 762.643494 0.920424 
1439.731201 815.819275 0.866059 
1378.104126 830.553040 0.888724 
1401.382568 877.487061 0.863219 
1378.086548 874.656006 0.848293 
1374.831421 968.762634 0.857825 
1378.094604 1051.270020 0.853829 
1422.033691 877.551941 0.846837 
1401.582520 968.789368 0.875858 
1422.199097 1074.816162 0.866770 
1360.318604 700.956848 0.249388 
1374.980347 698.119934 0.954413 
0.000000 0.000000 0.000000 
1398.562256 712.815918 0.957335 
1410.304688 1074.855469 0.255685 
1425.011841 1074.879517 0.296932 
1425.042236 1074.848267 0.649196 
1363.251465 1074.809204 0.340565 
1357.363037 1057.188843 0.346648 
1389.724121 1074.805420 0.689750 
 
1363.239746 715.581543 0.892860 
1395.623657 762.771484 0.917055 
1363.187500 762.866272 0.891363 
1357.430420 815.801147 0.753296 
1348.485352 833.412415 0.815015 
1422.124023 762.802734 0.945336 
1439.720825 818.786255 0.847654 
1378.086426 833.419250 0.914283 
1401.404297 877.495605 0.871535 
1378.115601 874.660828 0.852065 
1366.190063 965.920349 0.824923 
1380.871704 1051.297852 0.843583 
1422.038330 877.557495 0.849667 
1401.436157 968.827271 0.893689 
1422.159302 1074.801392 0.845392 
1360.317993 703.990784 0.221543 
1374.928345 703.924072 0.916026 
0.000000 0.000000 0.000000 
1398.530273 715.634949 0.979607 
1410.280396 1074.844727 0.271109 
1424.977295 1074.869385 0.328166 
1425.043457 1074.837646 0.652232 
1369.065430 1074.810913 0.341573 
1360.257812 1057.207031 0.343185 
1392.580811 1074.811401 0.679516 
 
1360.337646 715.623962 0.907298 
1395.553467 765.663696 0.911339 
1360.326538 765.755981 0.893481 
1357.296387 821.621521 0.770795 
1345.487915 836.518921 0.804266 
1422.119873 765.608643 0.950797 
1439.675293 824.584351 0.847005 
1378.036865 833.482544 0.916314 
1401.446899 877.548035 0.880756 
1380.868652 877.488586 0.857980 
1360.289551 968.824158 0.837507 
1378.067749 1051.377075 0.833748 
1422.073486 877.611084 0.862864 
1398.599731 968.879456 0.890508 
1422.201050 1074.805542 0.845019 
1357.451904 709.751709 0.182464 
1374.873169 704.004517 0.903354 
0.000000 0.000000 0.000000 
1398.458862 715.719238 0.984864 
1413.228516 1074.847046 0.284942 
1425.033081 1074.869507 0.333112 
1425.081055 1074.840942 0.641047 
1371.969727 1074.815674 0.311766 
1366.172241 1074.813232 0.315397 
1389.678467 1074.815674 0.679751 
 
1360.315308 715.734802 0.930979 
1395.502075 765.779114 0.900702 
1360.302124 765.859314 0.884709 
1354.479248 827.547729 0.787592 
1342.595337 842.307922 0.777090 
1422.060547 765.706909 0.941202 
1439.770752 827.513794 0.853143 
1378.077148 833.567261 0.916476 
1401.364990 880.396606 0.890305 
1378.100830 877.625488 0.879481 
1354.561279 971.713623 0.887527 
1378.000732 1054.196655 0.837574 
1421.952759 880.454407 0.856078 
1395.648804 971.681274 0.872737 
1422.156494 1074.807251 0.845307 
1357.416748 712.637817 0.165851 
1374.855835 709.815186 0.904045 
0.000000 0.000000 0.000000 
1398.450562 715.826111 0.981694 
1407.409424 1074.845093 0.281846 
1425.005127 1074.872681 0.325947 
1425.061157 1074.844849 0.626024 
1363.263062 1074.816040 0.318740 
1363.243042 1074.816650 0.322736 
1386.745972 1074.815674 0.693875 
 
1360.293091 715.794128 0.934497 
1392.640991 768.626282 0.875896 
1357.445435 768.703247 0.875280 
1354.391357 833.343506 0.798664 
1336.755615 848.151001 0.777532 
1422.017090 765.833557 0.921997 
1436.845215 830.453430 0.860897 
1377.912354 836.296021 0.922664 
1398.564941 880.452393 0.894908 
1377.962036 880.428406 0.897944 
1354.374878 971.740173 0.921286 
1377.968872 1054.191528 0.851557 
1419.088379 880.521851 0.848085 
1395.509277 971.693237 0.866924 
1422.081177 1074.807129 0.864742 
1357.384277 712.806274 0.135272 
1374.840210 712.725220 0.912525 
0.000000 0.000000 0.000000 
1398.433472 718.655823 0.981001 
1404.430054 1074.842163 0.296860 
1422.101562 1074.873535 0.333967 
1424.994019 1074.845459 0.647416 
1360.329346 1074.815186 0.334944 
1363.240356 1074.817139 0.334183 
1383.875854 1074.817139 0.702575 
 
1357.442993 718.563782 0.931857 
1392.579956 768.736877 0.856243 
1357.359985 771.586121 0.870595 
1357.345459 833.436462 0.756893 
1339.725342 845.234253 0.731445 
1421.986450 768.676392 0.892039 
1436.759888 833.361023 0.895450 
1377.842407 836.357544 0.927541 
1398.471924 880.651733 0.884238 
1377.818970 880.564697 0.894333 
1354.363770 974.608704 0.945286 
1377.961304 1054.244507 0.844596 
1419.063477 883.475220 0.831970 
1392.580200 974.640076 0.888473 
1422.069946 1074.816650 0.892745 
1354.572998 715.629700 0.169600 
1372.049316 715.605957 0.924057 
0.000000 0.000000 0.000000 
1398.371582 718.788086 0.950972 
1404.421387 1074.849487 0.289416 
1422.129517 1074.880859 0.320676 
1425.014404 1074.851318 0.637762 
1366.147217 1074.813354 0.332530 
1366.178223 1074.823975 0.341684 
1383.862671 1074.822876 0.701898 
 
1357.425659 721.559814 0.891428 
1392.612915 771.637878 0.837197 
1357.321045 777.467285 0.859878 
1354.515503 839.352173 0.760756 
1333.823608 842.319641 0.773738 
1422.019775 768.756409 0.888445 
1430.920898 833.433960 0.918128 
1375.034546 836.315063 0.943206 
1398.413208 883.498962 0.865436 
1375.062256 883.416138 0.886634 
1351.514893 974.657654 0.958201 
1378.022217 1057.190674 0.827421 
0.000000 0.000000 0.000000 
0.000000 0.000000 0.000000 
0.000000 0.000000 0.000000 
1357.296631 718.594055 0.286809 
1372.028931 715.840881 0.940049 
0.000000 0.000000 0.000000 
1398.380127 721.634521 0.927661 
0.000000 0.000000 0.000000 
0.000000 0.000000 0.000000 
0.000000 0.000000 0.000000 
1366.133301 1074.820435 0.318165 
1366.177979 1074.835693 0.324648 
1386.736816 1074.832764 0.695197 
 
1360.241699 724.533997 0.852246 
1389.761353 777.469604 0.820202 
1357.296509 780.484619 0.869982 
1351.524658 848.169250 0.812425 
1327.985229 839.386536 0.804500 
1422.007568 771.712280 0.862659 
1427.975464 833.550354 0.942458 
1371.949463 833.450195 0.903888 
1395.572876 883.621216 0.833172 
1374.924194 883.523926 0.870555 
1351.374878 974.725647 0.955092 
1377.861938 1054.218506 0.854302 
1413.296143 886.520264 0.782626 
1383.845093 974.696899 0.898974 
1421.976807 1074.814575 0.855796 
1357.332886 718.794250 0.233759 
1372.087402 718.633118 0.942843 
0.000000 0.000000 0.000000 
1398.385620 724.550415 0.911257 
1401.462280 1074.852417 0.278659 
1422.046265 1074.883667 0.295942 
1424.978027 1074.846191 0.614404 
1360.296021 1074.817139 0.325600 
1363.252686 1074.828125 0.330536 
1380.976685 1074.816528 0.696791 
 
1360.349854 727.501526 0.834452 
1392.624390 780.390747 0.816791 
1357.343994 783.289062 0.864659 
1351.470581 845.164734 0.778905 
1327.857300 836.478088 0.824615 
1422.027710 777.498962 0.859445 
1424.980225 833.581970 0.986827 
1366.119263 830.405396 0.852338 
1395.524170 886.380676 0.818322 
1374.926392 883.583923 0.855178 
1348.479858 974.753662 0.938176 
1377.910889 1054.200317 0.853674 
1410.358032 886.503357 0.779184 
1380.925659 974.721802 0.909243 
1421.979858 1074.817261 0.862603 
1360.247925 721.614075 0.220799 
1374.860962 718.739746 0.945186 
0.000000 0.000000 0.000000 
1398.397461 727.506653 0.897287 
1401.505371 1074.861938 0.266563 
1422.097534 1074.886719 0.276762 
1424.993286 1074.845825 0.601616 
1360.291138 1074.817017 0.342414 
1363.216064 1074.823486 0.344060 
1383.791992 1074.814941 0.695549 
 
1363.197998 730.401062 0.836370 
1392.600342 783.311096 0.828616 
1357.343750 783.383057 0.868876 
1342.652466 836.471497 0.768796 
1313.262817 827.493896 0.743997 
1422.003784 783.286560 0.878001 
1422.051270 836.270142 0.986934 
1357.369751 818.679626 0.853868 
1392.697876 889.330200 0.805488 
1374.897949 886.450928 0.845446 
1345.613037 977.537048 0.915554 
1377.855591 1060.105347 0.851834 
1407.434814 892.296631 0.777252 
1380.848389 974.811951 0.924370 
1421.939453 1074.825317 0.863681 
1360.312134 721.675964 0.206091 
1374.891724 718.808044 0.950648 
0.000000 0.000000 0.000000 
1398.426758 730.461304 0.902866 
1401.492432 1074.865112 0.263063 
1422.089722 1074.892090 0.276692 
1424.926880 1074.850586 0.604023 
1360.305176 1074.823730 0.331156 
1363.249878 1074.835938 0.332198 
0.000000 0.000000 0.000000 
 
1366.105591 730.448059 0.839509 
1392.712646 783.418091 0.857164 
1360.328613 786.180237 0.855224 
1345.573486 836.533386 0.780398 
1322.014282 821.681580 0.730214 
1422.013550 783.401184 0.902426 
1413.225830 836.307434 0.931163 
1354.346436 812.862732 0.915387 
1389.656006 898.199219 0.803601 
1372.037720 895.244507 0.813171 
1342.621704 977.745178 0.880746 
1377.851562 1063.053223 0.849148 
1404.447998 901.087219 0.826472 
1378.107056 977.689575 0.916174 
1421.982544 1074.825806 0.856639 
1363.210205 721.712524 0.188269 
1374.963867 721.574524 0.957208 
0.000000 0.000000 0.000000 
1398.478638 736.231018 0.924943 
1401.534912 1074.864380 0.264115 
1422.115845 1074.889404 0.282122 
1424.977783 1074.848877 0.598024 
1357.401001 1074.824829 0.346919 
1360.307495 1074.829712 0.339181 
0.000000 0.000000 0.000000 
 
1369.061279 736.257751 0.874503 
1395.516846 783.376587 0.850634 
1366.124634 783.388184 0.836443 
1330.984619 833.306030 0.901718 
1307.284302 806.993896 0.830468 
1421.973022 783.463013 0.904250 
1404.411621 833.570007 0.969233 
1351.543823 809.733154 0.901910 
1389.741455 898.204346 0.807138 
1374.834839 895.286438 0.822874 
1336.748901 977.669739 0.898734 
1375.127686 1057.190063 0.851127 
1404.492798 901.070068 0.819346 
1377.930664 977.781433 0.913397 
1421.958008 1074.828247 0.837740 
1366.185059 727.429077 0.172933 
1375.046631 724.497559 0.945580 
0.000000 0.000000 0.000000 
1398.619751 736.333862 0.963329 
1401.493042 1074.863159 0.269413 
1422.072876 1074.889038 0.284562 
1424.948608 1074.847900 0.574448 
1357.396240 1074.821777 0.339206 
1360.315674 1074.826172 0.323792 
0.000000 0.000000 0.000000 
 
1369.144531 739.082275 0.900795 
1395.579346 780.473938 0.843124 
1371.950073 777.571350 0.815884 
1330.805542 827.495422 0.887111 
1307.272461 792.280640 0.842289 
1421.961182 783.411072 0.892884 
1401.343384 833.337036 0.977840 
1351.391113 792.201050 0.907840 
1383.893799 898.232910 0.816363 
1372.011841 895.277527 0.809523 
1333.856445 977.617920 0.914899 
1375.095581 1060.114258 0.851930 
1401.581543 901.124939 0.847929 
1375.127930 980.685730 0.890508 
1419.187500 1074.830566 0.838813 
1369.090698 727.475403 0.151345 
1375.092896 727.486389 0.930101 
0.000000 0.000000 0.000000 
1398.660889 739.140625 0.973808 
1401.516479 1074.868652 0.258083 
1422.086792 1074.892090 0.283813 
1422.201904 1074.850464 0.582156 
1357.364990 1074.828369 0.329452 
1360.301636 1074.833130 0.320024 
0.000000 0.000000 0.000000 
 
1371.939819 739.117249 0.910662 
1395.583008 783.349365 0.873363 
1369.161133 780.497559 0.833386 
1319.031982 830.487976 0.858807 
1307.196899 786.433899 0.922992 
1421.946899 786.218079 0.908404 
1395.614990 827.542358 0.899831 
1348.448608 786.383972 0.897280 
1383.833740 898.217529 0.822284 
1371.962036 895.272583 0.810764 
1333.810791 977.689026 0.915320 
1375.051147 1074.814331 0.883974 
1401.537476 901.102661 0.849241 
1375.095459 980.700928 0.881541 
1419.156128 1074.837036 0.833102 
1366.212769 727.452698 0.150540 
1377.799805 727.528076 0.925382 
0.000000 0.000000 0.000000 
1401.428223 739.180847 0.991656 
1401.474976 1074.880493 0.246826 
1422.103394 1074.898438 0.272589 
1422.171021 1074.855835 0.567117 
1354.440796 1074.836304 0.299474 
1360.283691 1074.843140 0.285412 
1380.828125 1074.836304 0.723431 
 
1372.010254 739.299011 0.940066 
1395.528809 783.346863 0.868648 
1369.147217 780.453613 0.827178 
1310.305542 824.601562 0.873349 
1310.226929 780.397827 0.867862 
1421.941895 786.220764 0.915940 
1383.806763 815.909790 0.882128 
1348.520752 774.523193 0.853442 
1383.813232 895.289001 0.813315 
1371.950439 895.213379 0.809456 
1333.756958 977.702881 0.920355 
1375.074097 1074.811157 0.862129 
1401.533081 898.151062 0.831920 
1375.028931 980.648071 0.889258 
1419.176636 1074.836670 0.819919 
1369.130493 733.341370 0.297478 
1377.832153 736.212708 0.943852 
0.000000 0.000000 0.000000 
1401.451050 739.237793 1.004260 
1401.526978 1074.879150 0.237928 
1422.141113 1074.897339 0.266920 
1422.203857 1074.854858 0.546271 
1354.441650 1074.836670 0.298648 
1360.252686 1074.840332 0.284451 
1380.834961 1074.831421 0.709887 
 
1372.045410 739.303223 0.943257 
1392.611572 783.340942 0.843335 
1371.941528 783.311096 0.813734 
1307.455444 812.817566 0.975785 
1307.413208 765.810852 0.902032 
1416.212646 783.396667 0.856978 
1377.999146 809.994812 0.961504 
1351.460571 765.621033 0.956866 
1380.836670 898.239746 0.844246 
1366.165405 898.183044 0.804278 
1330.990967 977.736633 0.924404 
1375.086426 1074.813599 0.859371 
1398.642944 901.071594 0.853570 
1375.067505 986.522827 0.868716 
1419.122070 1074.846558 0.790613 
1371.990723 733.382263 0.414193 
1377.910767 736.249329 0.934474 
0.000000 0.000000 0.000000 
1401.493042 739.274109 0.995243 
1401.577026 1074.892334 0.209752 
1424.972778 1074.907104 0.237418 
1422.135132 1074.862549 0.519937 
1357.327881 1074.841431 0.283696 
1360.302490 1074.844971 0.272489 
1380.866089 1074.833984 0.689128 
 
1372.112915 739.290344 0.941830 
1389.715942 783.318726 0.841826 
1369.123291 783.359131 0.800820 
1307.428467 809.785461 0.937770 
1313.246582 762.708679 0.862556 
1416.193970 783.340210 0.846532 
1375.095947 801.046143 0.918077 
1351.388794 759.763367 0.898096 
1380.856689 901.082825 0.852323 
1366.198364 901.045288 0.809425 
1330.978271 977.801575 0.904254 
1375.047119 1074.805908 0.834913 
1398.640137 901.124329 0.856870 
1374.987427 983.560913 0.864974 
1419.164062 1074.843262 0.787355 
1372.058716 733.363831 0.452767 
1377.993774 736.235474 0.921383 
0.000000 0.000000 0.000000 
1401.554565 739.324646 0.985347 
1401.556763 1074.885132 0.215580 
1424.990234 1074.900879 0.241227 
1422.153198 1074.859741 0.516587 
1357.316162 1074.840454 0.283041 
1360.301025 1074.839478 0.269031 
1378.079834 1074.825928 0.709255 
 
1374.816650 739.249329 0.919522 
1386.766235 783.412781 0.851407 
1360.346802 786.260925 0.783851 
1304.319092 795.261169 0.901041 
1313.269653 751.036804 0.809376 
1416.231934 783.416077 0.868887 
1374.909790 789.446106 0.953321 
1351.316772 742.322083 0.936043 
1377.995972 901.117798 0.874825 
1363.203491 901.077637 0.813640 
1330.915283 977.797913 0.919248 
1375.003296 1074.807617 0.832147 
1398.458252 901.155029 0.845391 
1375.063232 992.320312 0.873882 
1419.182007 1074.851074 0.765340 
1372.067993 733.327759 0.295627 
1377.996948 733.404053 0.902923 
0.000000 0.000000 0.000000 
1401.558350 739.279053 0.965038 
1404.462280 1074.892700 0.194625 
1425.033569 1074.906006 0.225851 
1422.171875 1074.863159 0.493202 
1357.363770 1074.843872 0.274726 
1366.110840 1074.850586 0.268176 
1378.051147 1074.825806 0.710872 
 
1372.109009 739.277405 0.907424 
1383.782959 783.417725 0.861627 
1357.329468 786.240723 0.794096 
1301.455078 789.295166 0.937531 
1324.949463 739.375793 0.836010 
1416.140747 783.366150 0.850321 
1372.103638 786.419189 0.982306 
1351.419922 739.226196 0.958924 
1377.959351 901.136353 0.885962 
1360.365845 901.093506 0.818888 
1330.884644 977.773254 0.927574 
1374.972412 1074.803711 0.822577 
1398.396606 901.177246 0.842883 
1374.957886 986.543396 0.863977 
1421.944580 1074.843506 0.771240 
1372.034424 733.340149 0.215316 
1377.954102 733.371033 0.893709 
0.000000 0.000000 0.000000 
1401.560791 739.268738 0.969642 
1404.431763 1074.880859 0.213016 
1425.031616 1074.897217 0.253964 
1424.921021 1074.855347 0.504607 
1357.338623 1074.843140 0.283278 
1363.175171 1074.844849 0.272904 
1378.023193 1074.822388 0.710942 
 
1372.105835 739.258728 0.895224 
1380.994385 783.431274 0.862444 
1357.304321 786.169800 0.809440 
1304.343262 783.334534 0.922775 
1327.945190 730.428101 0.827813 
1413.299561 783.351807 0.839815 
1372.036499 783.442566 0.895661 
1351.536743 736.248535 0.911516 
1377.960938 898.222839 0.869206 
1360.307129 898.185730 0.807582 
1330.877563 977.821899 0.918271 
1374.984009 1074.808838 0.830218 
1398.436890 901.033813 0.838773 
1374.953735 986.513550 0.859180 
1419.174927 1074.847046 0.772372 
1371.939819 736.305420 0.120424 
1377.953491 730.433716 0.878434 
0.000000 0.000000 0.000000 
1401.563721 739.292908 0.969933 
1404.392212 1074.886475 0.213350 
1425.017334 1074.901855 0.248797 
1422.181152 1074.858765 0.497365 
1357.300659 1074.847168 0.277775 
1360.274414 1074.844971 0.264611 
1378.022461 1074.826050 0.705567 
 
1369.104004 736.374695 0.773655 
1380.974243 780.398560 0.847749 
1357.295776 777.489685 0.817498 
1301.468994 777.538513 0.880534 
1330.717773 724.491333 0.823311 
1413.209839 780.455811 0.824023 
1369.158325 768.793701 0.809405 
1354.418823 721.596863 0.940137 
1377.831543 898.212402 0.869056 
1357.376343 898.164001 0.823453 
1330.878296 980.562378 0.921042 
1374.998413 1074.809204 0.833025 
1395.553467 901.042358 0.814948 
1374.985596 989.417480 0.864937 
1419.172241 1074.849609 0.754228 
1363.255615 730.459106 0.067147 
1377.846069 724.517212 0.847579 
0.000000 0.000000 0.000000 
1401.554077 739.266357 0.956939 
1404.478149 1074.896240 0.186458 
1425.063599 1074.908325 0.220935 
1422.200562 1074.861328 0.472573 
1354.461670 1074.850342 0.257959 
1363.181152 1074.853638 0.248846 
1378.042358 1074.825439 0.695990 
 
1369.107788 739.133423 0.721895 
1380.978149 774.559570 0.864213 
1354.537720 771.689087 0.819234 
1301.474365 765.716003 0.954975 
1333.871460 715.705322 0.817792 
1410.326538 774.589050 0.836355 
1369.089844 762.765625 0.841573 
1354.543213 715.683411 0.927673 
1375.115601 898.193726 0.865981 
1357.340332 898.131714 0.818748 
1330.867065 980.585510 0.919338 
1374.959351 1060.108032 0.805535 
1392.701904 901.038086 0.804713 
1374.990845 989.449829 0.865948 
1419.181030 1074.846558 0.766708 
1374.937256 739.075989 0.169046 
1377.967407 727.531799 0.740617 
0.000000 0.000000 0.000000 
1401.516235 739.253601 0.938363 
1404.469604 1074.891724 0.198647 
1425.045288 1074.904053 0.238382 
1424.935547 1074.856812 0.489503 
1357.321167 1074.844360 0.281292 
1360.283325 1074.841553 0.275738 
0.000000 0.000000 0.000000 
 
1374.908447 736.349426 0.697432 
1380.948486 771.620483 0.871807 
1354.495239 768.696594 0.849384 
1301.461670 762.660645 0.930341 
1333.874390 709.853088 0.829234 
1407.456909 771.699829 0.838480 
1363.269409 759.883850 0.822003 
1357.321655 712.763672 0.902748 
1375.068115 895.197205 0.857897 
1357.305298 892.322937 0.821481 
1330.883667 977.770203 0.944253 
1374.929565 1063.051270 0.808662 
1392.610229 895.273071 0.791279 
1374.943604 986.432922 0.866265 
1419.109375 1074.838989 0.811608 
1374.948486 739.038757 0.180045 
1380.902344 727.456299 0.742565 
0.000000 0.000000 0.000000 
1401.495850 739.213623 0.964502 
1401.555664 1074.879028 0.234298 
1424.984253 1074.896484 0.273508 
1422.178345 1074.853027 0.538489 
1354.395630 1074.840576 0.304554 
1357.323730 1074.837036 0.289065 
0.000000 0.000000 0.000000 
 
1372.056519 733.376465 0.568346 
1383.788208 768.639954 0.875221 
1357.290405 765.868774 0.857417 
1301.452515 759.769409 0.894494 
1331.017944 703.955017 0.840140 
1410.323486 768.773926 0.854714 
1369.101196 753.909546 0.802169 
1357.364014 703.946594 0.850125 
1374.999512 889.377808 0.858298 
1354.502075 889.340088 0.841670 
1330.896973 977.758728 0.942712 
1375.001343 1074.800781 0.827382 
1389.722534 892.268555 0.787239 
1374.883057 980.559631 0.895050 
1419.064941 1074.835327 0.823308 
1369.129028 736.219788 0.081467 
1377.939331 721.596252 0.725313 
0.000000 0.000000 0.000000 
1401.445068 733.403870 0.912759 
1401.529785 1074.876709 0.244986 
1422.143677 1074.893555 0.277155 
1422.131348 1074.850342 0.564083 
1354.444458 1074.840088 0.304227 
1360.254028 1074.841431 0.290679 
1378.034180 1074.819092 0.718785 
 
1369.073853 721.656921 0.555729 
1380.883911 765.715332 0.921032 
1354.417725 765.642456 0.903198 
1301.370850 750.970825 0.843640 
1333.893555 700.980286 0.823677 
1407.350830 765.837219 0.890038 
1363.202026 742.108032 0.806402 
1360.321777 695.056458 0.889210 
1374.942627 886.413757 0.871571 
1354.457153 886.392700 0.859224 
1330.914917 977.729797 0.940742 
1375.024780 1074.804199 0.819428 
1389.653320 886.472595 0.799487 
1375.021851 980.544006 0.917759 
1416.248657 1074.839722 0.806083 
1374.975098 727.419434 0.079521 
1377.933472 718.526978 0.737893 
0.000000 0.000000 0.000000 
1401.364868 724.538330 0.911980 
1401.500122 1074.885864 0.227289 
1422.122681 1074.900635 0.256486 
1422.093628 1074.855713 0.539754 
1354.426147 1074.838013 0.299885 
1357.331177 1074.838379 0.281497 
1378.042847 1074.823730 0.681079 
 
1369.122314 718.664551 0.611309 
1380.852173 762.792419 0.914210 
1354.339478 759.904846 0.863331 
1298.482544 742.236084 0.892342 
1339.674438 695.198303 0.827745 
1407.414062 762.907654 0.890632 
1371.945557 739.211487 0.826174 
1366.194702 692.166626 0.887713 
1374.940552 883.406189 0.895028 
1354.462769 883.380493 0.877434 
1330.958130 977.677795 0.937975 
1374.856445 1057.191284 0.773648 
1389.671997 883.466431 0.819590 
1375.007568 977.617065 0.941501 
1416.212158 1074.827881 0.822053 
1375.031128 718.839294 0.095652 
1377.959351 715.651184 0.760452 
0.000000 0.000000 0.000000 
1398.670898 721.562988 0.921041 
1401.437012 1074.874146 0.256081 
1422.063843 1074.892822 0.278750 
1422.097168 1074.844971 0.579695 
1351.516968 1074.832275 0.318839 
1354.384521 1074.830444 0.291542 
0.000000 0.000000 0.000000 
 
1380.943604 715.738892 0.632046 
1378.069824 762.673767 0.928449 
1354.309448 759.850769 0.867656 
1301.438843 739.169373 0.933373 
1342.572388 692.184021 0.836335 
1404.502686 762.720581 0.902060 
1374.876465 727.484375 0.799167 
1366.114502 683.363037 0.781483 
1374.879883 880.490967 0.891441 
1354.374146 880.432495 0.888999 
1330.994385 977.557800 0.944495 
1374.916626 1057.133789 0.783584 
1386.798462 880.580322 0.820626 
1375.042114 974.714355 0.956425 
1416.166382 1074.820679 0.817424 
1380.906860 715.560364 0.434909 
1395.513428 712.820435 0.673663 
1375.054810 715.700806 0.153134 
1401.442627 718.756836 0.833136 
1398.574829 1074.863647 0.272518 
1419.167114 1074.886719 0.287128 
1422.075562 1074.838379 0.590338 
1354.336792 1074.822754 0.338896 
1354.450317 1074.824097 0.305052 
0.000000 0.000000 0.000000 
 
1366.130371 712.760620 0.512400 
1378.061157 756.918457 0.887420 
1354.297729 756.837891 0.820994 
1301.388916 736.351440 0.898190 
1333.744995 686.280334 0.836472 
1404.517578 756.950195 0.868047 
1371.992554 724.513428 0.791999 
1360.339600 674.463318 0.832516 
1372.106812 877.648193 0.868140 
1354.284302 877.599854 0.882736 
1333.776611 974.821167 0.928770 
1374.969971 1051.376831 0.817061 
1386.776245 880.424377 0.814322 
1377.879517 971.824524 0.947517 
1416.231323 1074.810913 0.812597 
0.000000 0.000000 0.000000 
1377.900879 701.070129 0.628650 
0.000000 0.000000 0.000000 
1398.583496 715.733276 0.946221 
1398.575195 1074.857910 0.280273 
1419.156982 1074.884521 0.295925 
1422.126099 1074.834351 0.604410 
1354.431885 1074.823486 0.347263 
1357.294067 1074.821777 0.319359 
1378.070557 1074.803589 0.637869 
 
1363.276978 703.901367 0.589583 
1378.099243 748.107239 0.882831 
1354.320923 745.189514 0.848707 
1301.366333 724.495483 0.854725 
1336.763428 674.555359 0.837222 
1407.411499 751.000488 0.842008 
1374.845093 721.651062 0.803406 
1360.284302 671.452881 0.869751 
1372.098389 871.706848 0.825581 
1351.557007 871.659058 0.840486 
1333.831543 971.768188 0.881822 
1374.915894 1051.248169 0.868667 
1389.700562 871.752563 0.777581 
1377.922241 971.649048 0.914381 
1416.187500 1074.803833 0.789550 
0.000000 0.000000 0.000000 
1375.079224 695.257874 0.754630 
0.000000 0.000000 0.000000 
1398.591675 712.805786 0.934287 
1398.577515 1074.851318 0.292338 
1419.139771 1074.873535 0.310537 
1422.058105 1074.830933 0.622463 
1354.314087 1074.811279 0.396502 
1351.429077 1057.238037 0.354787 
1378.050049 1060.091309 0.692165 
 
1375.074463 695.269653 0.584647 
1378.016113 742.158264 0.947615 
1351.560181 739.282654 0.881562 
1301.378418 718.581116 0.922537 
1339.634277 671.481079 0.819728 
1404.467773 745.103210 0.873818 
1369.147095 709.852173 0.801587 
1360.347412 662.662781 0.817241 
1372.061401 862.943909 0.826215 
1351.513428 862.893494 0.840399 
1336.702393 968.769348 0.839551 
1375.036865 1048.462036 0.907035 
1389.657959 865.803894 0.776763 
1378.016724 965.921204 0.898111 
1419.091309 1057.178345 0.783276 
1380.870117 695.175842 0.247055 
1386.768066 695.052734 0.721103 
1377.843140 695.013794 0.063587 
1398.622192 706.904175 0.888438 
1398.555786 1074.838135 0.299911 
1419.142944 1074.867554 0.324680 
1422.206787 1074.823364 0.623787 
1354.363892 1074.805176 0.433236 
1351.523315 1054.313599 0.404227 
1380.888550 1057.164307 0.710630 
 
1372.053101 692.185974 0.631193 
1378.056274 739.153442 0.909290 
1354.318604 736.278442 0.821031 
1304.246948 715.569153 0.949654 
1333.739502 662.768250 0.835879 
1404.477295 739.260254 0.895705 
1374.938232 709.745728 0.839963 
1354.550415 651.053955 0.864554 
1372.093384 859.856995 0.859824 
1351.585205 857.065918 0.874705 
1339.697632 957.106567 0.827689 
1374.909302 1048.227051 0.928599 
1389.663818 859.951660 0.799436 
1380.851318 959.958313 0.881030 
1413.314819 1051.239014 0.793454 
1377.784546 694.986938 0.128095 
1380.833496 689.240845 0.723736 
0.000000 0.000000 0.000000 
1398.611328 698.060608 0.929247 
1398.493408 1074.808472 0.319547 
1413.228149 1074.838135 0.359688 
1422.016479 1074.786499 0.577651 
1354.362915 1074.791382 0.404140 
1351.436401 1051.361328 0.405922 
1380.842163 1051.206299 0.756380 
 
1372.077881 691.987854 0.654834 
1378.017700 730.477112 0.893341 
1354.272461 727.430786 0.822731 
1304.290894 706.857971 0.904712 
1330.748169 648.013489 0.878815 
1404.461182 733.403564 0.861870 
1369.141357 695.113770 0.822256 
1354.504150 644.979736 0.921390 
1372.064453 854.088196 0.847007 
1351.563721 854.013184 0.859736 
1345.527344 954.206787 0.841457 
1374.837646 1045.459839 0.917914 
1386.785767 856.896851 0.802113 
1383.815186 954.216553 0.874616 
1413.281372 1048.380127 0.839273 
1375.118408 692.065918 0.157453 
1378.052856 683.310791 0.723950 
0.000000 0.000000 0.000000 
1398.578491 695.018372 0.960914 
1398.462280 1074.791504 0.374768 
1407.416626 1074.815308 0.429536 
1419.150513 1051.325439 0.669293 
1354.442993 1074.792847 0.429601 
0.000000 0.000000 0.000000 
1378.029419 1048.408569 0.789060 
 
1369.126465 686.205872 0.654368 
1377.935547 724.580994 0.909443 
1351.417358 721.594238 0.856372 
1304.322632 695.149231 0.979702 
1327.788330 644.988586 0.837600 
1404.489746 730.395874 0.840773 
1366.144165 692.126770 0.824265 
1354.389160 639.211121 0.901178 
1372.007080 851.117554 0.818855 
1351.501831 851.029358 0.833620 
1348.456055 954.019775 0.878616 
1372.015381 1045.439087 0.886422 
1386.754395 853.979309 0.786361 
1383.885864 951.262634 0.886847 
1410.367065 1048.331177 0.847180 
1374.971924 680.372986 0.149423 
1377.925537 674.540283 0.786170 
0.000000 0.000000 0.000000 
1398.532104 692.027222 0.949486 
1383.827271 1051.371826 0.454795 
1404.427856 1074.811401 0.480205 
1419.166382 1051.296753 0.675653 
1351.488647 1074.791870 0.431943 
0.000000 0.000000 0.000000 
1377.899536 1048.393921 0.784471 
 
1363.261719 674.459717 0.641599 
1377.912476 718.757141 0.948322 
1351.521851 718.713745 0.880792 
1304.486572 689.148987 0.988045 
1324.910034 624.551453 0.848458 
1401.646362 721.562378 0.869336 
1366.120605 680.358582 0.776941 
1354.307251 627.361694 0.903862 
1371.983276 848.144348 0.808506 
1351.461182 845.258972 0.824212 
1348.490845 951.084167 0.880970 
1369.130127 1045.317749 0.857832 
1386.760620 848.194519 0.772362 
1389.702881 951.074402 0.860082 
1416.137085 1048.250610 0.851126 
1369.064575 671.651123 0.100518 
1375.052124 671.461670 0.820344 
0.000000 0.000000 0.000000 
1398.402832 686.242676 0.902788 
1380.949585 1051.226196 0.557470 
1401.536255 1074.796753 0.541779 
1422.076172 1051.259644 0.727266 
1351.524536 1074.796143 0.450159 
0.000000 0.000000 0.000000 
1377.822021 1048.322632 0.785607 
 
1363.280151 671.598877 0.667827 
1377.976929 715.835693 0.952707 
1351.534302 715.747803 0.873706 
1307.235352 674.484192 0.971590 
1322.014404 606.854980 0.794388 
1404.385376 718.581421 0.916959 
1363.198242 674.613403 0.802900 
1351.404419 621.554871 0.868730 
1371.957520 842.281921 0.808309 
1351.454712 842.244690 0.830521 
1351.357910 948.189575 0.886591 
1363.236572 1042.411255 0.825556 
1383.885010 842.323608 0.781931 
1389.713135 948.216736 0.843765 
1410.286377 1048.310059 0.857187 
1369.127930 671.502136 0.102423 
1375.007690 668.628296 0.834099 
0.000000 0.000000 0.000000 
1395.570190 677.471802 0.884258 
1380.919678 1051.291626 0.549110 
1401.486694 1074.808105 0.553629 
1419.165405 1051.349243 0.679977 
1351.393677 1074.791016 0.460896 
0.000000 0.000000 0.000000 
1374.930664 1048.169434 0.814575 
 
1369.147461 671.430786 0.724563 
1377.966187 715.652405 0.939033 
1354.287231 715.565613 0.850307 
1307.399658 668.578735 0.945026 
1307.371094 598.085083 0.893699 
1401.617798 715.749756 0.914078 
1366.190918 674.509033 0.818722 
1351.472900 621.527527 0.874280 
1369.131714 839.345398 0.817377 
1351.403687 839.302246 0.838482 
1351.451294 948.198486 0.897797 
1360.355103 1042.306274 0.814864 
1383.806519 839.405151 0.800307 
1392.668335 948.154846 0.840656 
1404.537231 1045.400391 0.866787 
1374.915283 668.656189 0.107997 
1377.842407 668.523193 0.835524 
0.000000 0.000000 0.000000 
1398.384888 674.546936 0.908590 
1380.838379 1048.500122 0.614913 
1401.411987 1074.788330 0.574368 
1416.176636 1048.388184 0.751592 
1351.385376 1054.245239 0.527212 
1342.607422 1051.188843 0.552183 
1374.863525 1045.435059 0.789067 
 
1360.231689 671.511841 0.784257 
1377.929810 712.795959 0.914962 
1351.526367 709.850464 0.825088 
1313.231445 659.838745 0.852581 
1304.454224 598.029785 0.888296 
1404.407959 715.656921 0.899031 
1369.140991 674.603271 0.814324 
1351.460449 621.415039 0.859535 
1371.964600 836.470703 0.837259 
1351.419067 836.439026 0.851161 
1351.507080 948.171997 0.892187 
1360.260620 1039.511475 0.816073 
1386.746094 836.520996 0.799766 
1395.545654 945.231140 0.833348 
1404.410889 1045.402832 0.885343 
1363.251709 668.697571 0.110951 
1372.070190 668.581177 0.840215 
0.000000 0.000000 0.000000 
1395.596069 674.493347 0.901955 
1378.010132 1048.505615 0.595455 
1398.544067 1074.788696 0.571058 
1413.217407 1048.370605 0.761300 
1351.385010 1054.253052 0.527133 
1342.584473 1048.522949 0.559758 
1372.042114 1045.439087 0.776711 
 
1357.437012 671.528992 0.817802 
1377.985840 709.826843 0.887254 
1354.301514 703.891418 0.835920 
1324.917847 653.959900 0.866153 
1304.315796 600.958984 0.942022 
1404.444580 712.824707 0.882928 
1369.136475 674.582581 0.792409 
1351.451538 621.446838 0.879801 
1371.942139 836.367798 0.847714 
1351.433594 836.340820 0.865699 
1351.478882 948.171204 0.894673 
1360.250000 1039.469849 0.813706 
1383.856812 836.426086 0.818046 
1395.588135 945.254944 0.845320 
1404.399780 1045.405640 0.898632 
1360.268311 668.636414 0.118519 
1372.013672 668.597534 0.865084 
0.000000 0.000000 0.000000 
1395.610718 671.682251 0.920527 
1377.942383 1048.474121 0.602870 
1398.500854 1074.790039 0.564801 
1410.349365 1048.362549 0.778874 
1351.322144 1054.258179 0.515753 
1339.637695 1051.186035 0.560553 
1372.045166 1045.423096 0.761874 
 
Last frame read and added to queue. Closing program after it is processed.
1357.325439 671.440674 0.766206 
1378.036987 706.872009 0.861824 
1354.394287 700.949341 0.836820 
1330.751709 653.976379 0.886164 
1304.332642 603.905457 0.913858 
1404.435303 712.701111 0.861067 
1371.970459 677.395569 0.789853 
1351.475830 621.493225 0.906630 
1371.970459 833.550781 0.853329 
1351.483032 833.529175 0.865551 
1351.509155 945.333557 0.885417 
1360.246948 1039.489990 0.818388 
1383.850708 836.289978 0.823192 
1395.563599 942.337158 0.839584 
1404.426392 1045.428467 0.893792 
1357.474243 665.732361 0.068428 
1371.963135 668.480896 0.817707 
0.000000 0.000000 0.000000 
1395.578369 671.590698 0.922417 
1377.967529 1048.442139 0.625247 
1398.525391 1074.787354 0.577663 
1413.259277 1048.406616 0.784464 
1348.466919 1054.190674 0.519302 
1336.758545 1048.483398 0.562197 
1372.057861 1045.433716 0.766824 
 
1357.379883 668.544312 0.688918 
1377.949707 701.003601 0.868241 
1354.395630 695.135559 0.837527 
1330.934204 647.906555 0.903160 
1304.300537 601.045959 0.920112 
1401.603638 709.850342 0.846764 
1371.980957 674.531006 0.802257 
1351.441162 618.627869 0.858141 
1371.931274 833.524963 0.844748 
1351.416992 833.520447 0.856009 
1351.510132 945.298889 0.887283 
1357.369507 1036.560181 0.826699 
1383.868408 833.547546 0.821034 
1395.583740 942.353638 0.845960 
1401.675415 1045.312622 0.898946 
0.000000 0.000000 0.000000 
1372.085693 665.566589 0.743019 
0.000000 0.000000 0.000000 
1395.610352 671.550720 0.903209 
1377.962891 1048.379761 0.656217 
1395.617065 1054.166016 0.633980 
1410.348633 1048.305298 0.797784 
1345.533203 1051.313354 0.514749 
1333.863037 1048.391602 0.560615 
1371.985352 1045.343994 0.779570 
 
OpenPose demo successfully finished. Total time: 54.149113 seconds.
