Starting OpenPose demo...
Configuring OpenPose...
Starting thread(s)...
Auto-detecting all available GPUs... Detected 1 GPU(s), using 1 of them starting at GPU 0.
243.919754 400.863922 0.870356 
238.625931 427.030029 0.990521 
220.268066 427.084991 0.990672 
217.647766 468.771240 1.001055 
246.494156 468.812225 0.926314 
256.905365 426.962769 0.937937 
256.908691 455.788391 0.724141 
262.120117 471.424133 0.786142 
233.311829 495.005920 0.855100 
217.759338 495.020630 0.915107 
217.728897 549.977173 0.913481 
204.595627 596.995361 0.885724 
241.263885 495.006256 0.918236 
256.958069 536.984192 0.858512 
254.290909 586.594177 0.849018 
241.191864 395.569336 0.915268 
249.063934 393.037689 0.822000 
233.343475 403.393494 0.863264 
246.509369 405.922882 0.068861 
262.214081 597.117981 0.838666 
264.845490 594.523071 0.799990 
241.334473 591.871094 0.859416 
225.539322 604.893005 0.735065 
217.674683 610.099182 0.733183 
201.938217 597.173523 0.803956 
 
243.830902 403.355774 0.885277 
238.665756 427.067291 1.000105 
220.294632 427.106232 0.990170 
217.633408 468.772919 0.991700 
246.450882 468.865967 0.937877 
256.950531 427.017456 0.938768 
256.955841 455.760651 0.741250 
262.133026 471.425140 0.792646 
233.390610 495.010742 0.863788 
220.190796 495.019012 0.914926 
220.182800 549.888367 0.894217 
207.222031 594.532471 0.882082 
241.308960 495.018402 0.910418 
256.935364 539.536499 0.843850 
254.313904 589.165222 0.852821 
241.137405 395.599091 0.916148 
246.500961 393.053650 0.839738 
233.390671 403.424530 0.862482 
254.258667 405.916199 0.215567 
262.181915 597.178101 0.817407 
264.835907 594.571533 0.800961 
243.801620 594.312500 0.865741 
228.160751 602.343994 0.753117 
217.740433 607.513916 0.746170 
204.544861 597.053467 0.812980 
 
246.425980 403.415131 0.883178 
238.695328 427.113129 0.991450 
220.315689 429.500336 0.983729 
217.613693 468.880707 1.009678 
249.046417 471.497437 0.936001 
259.403229 427.041138 0.942109 
256.902679 455.746429 0.674402 
262.090179 471.556671 0.716161 
235.880981 497.602325 0.856901 
220.205338 497.608093 0.905401 
220.198990 552.505920 0.939124 
202.066498 597.160889 0.869587 
241.339661 497.602417 0.891025 
256.931366 544.717346 0.838929 
254.287079 591.757019 0.860995 
241.234558 398.161743 0.915268 
251.662308 398.159882 0.834990 
235.890900 403.455994 0.885938 
254.257095 406.025421 0.128232 
262.165588 597.199341 0.833904 
264.782837 596.979248 0.814883 
241.345306 594.424011 0.860486 
222.961426 607.531250 0.733164 
217.636215 612.679626 0.723945 
199.404343 602.245117 0.752808 
 
249.028656 405.986877 0.886930 
238.685760 429.624298 0.991048 
220.333923 429.637756 0.973975 
217.670197 468.972504 1.032948 
249.019913 474.172394 0.898005 
256.958984 429.572357 0.938748 
259.433411 458.384735 0.801558 
264.715668 471.516418 0.835153 
233.402496 495.100800 0.857853 
220.226425 495.113434 0.910228 
220.420959 549.896851 0.891017 
212.435623 594.511841 0.910485 
241.286285 495.087860 0.906404 
259.401703 539.558899 0.880179 
254.339813 589.250000 0.866895 
241.318527 403.340210 0.918173 
254.249634 403.340118 0.832330 
235.979828 406.011200 0.938803 
254.267120 406.165283 0.086405 
262.129974 597.177429 0.824572 
264.766876 594.571533 0.823611 
243.872009 594.320862 0.839657 
230.726852 604.872253 0.795489 
220.194077 607.506348 0.803305 
207.168716 597.026306 0.841705 
 
246.435791 406.037964 0.908898 
238.697403 429.762848 0.964445 
220.355896 429.736084 0.954739 
217.611053 471.411865 1.020463 
249.068481 479.298584 0.880207 
256.967102 429.717407 0.920923 
259.398254 466.168335 0.791995 
262.142548 476.749237 0.773270 
235.869980 500.211609 0.848033 
220.267349 500.222626 0.897956 
222.985062 549.951416 0.868304 
215.010742 594.536072 0.931035 
241.278351 497.684418 0.893824 
259.528931 539.526978 0.900355 
256.836761 589.177551 0.863765 
241.260544 403.383881 0.942211 
254.230362 403.405151 0.862020 
235.964294 406.072784 0.916686 
256.852295 408.549194 0.176837 
262.184662 597.121338 0.824909 
264.807312 594.524109 0.805859 
243.923401 591.865112 0.823098 
233.351166 604.878113 0.786748 
220.299637 607.518555 0.785760 
207.219711 597.071533 0.855043 
 
249.118256 408.552338 0.902851 
241.096512 432.229065 0.947466 
220.427963 432.248749 0.922008 
217.625748 471.501495 1.019437 
249.059158 484.558044 0.880137 
259.378052 429.759186 0.921195 
259.492249 466.205261 0.832290 
262.237305 481.895966 0.799992 
236.004486 500.270630 0.866498 
220.380569 500.292328 0.873801 
230.752884 549.921509 0.844564 
212.436020 594.536194 0.904099 
241.372833 500.213409 0.877180 
259.528259 542.077148 0.892310 
256.862061 589.239624 0.873973 
241.360535 405.961029 0.954487 
256.813904 405.969971 0.882017 
236.019958 406.179779 0.937747 
256.889252 408.562500 0.057877 
262.206604 597.176208 0.832749 
264.842224 594.571533 0.804512 
243.919510 594.326538 0.832262 
230.722382 607.484253 0.769759 
220.200317 610.108154 0.797255 
204.577957 597.068665 0.891044 
 
249.098053 408.684967 0.907321 
241.131653 434.839752 0.916484 
222.929321 434.847504 0.881476 
217.633270 474.073181 0.987141 
249.075790 489.683258 0.921981 
259.391693 432.334747 0.884780 
259.524231 468.776550 0.824551 
264.728516 487.198792 0.808492 
238.456192 508.023956 0.899884 
220.422028 508.022949 0.882005 
233.367401 552.644043 0.891008 
214.945404 596.974365 0.903556 
243.822723 505.522003 0.880754 
259.612427 547.376343 0.913206 
254.259033 594.297729 0.890620 
241.331512 406.101685 0.986915 
254.339645 406.092377 0.922786 
235.978592 408.719086 0.944182 
256.935242 408.630676 0.093920 
262.244843 599.717529 0.837775 
264.798981 597.075562 0.815293 
241.341400 594.490601 0.914688 
225.581802 610.101379 0.743812 
217.745377 610.175659 0.778452 
204.618942 597.125916 0.855675 
 
249.037277 408.835602 0.886374 
241.155350 437.489594 0.910979 
223.012527 437.461334 0.856459 
217.669678 474.171448 0.960385 
249.071136 489.719269 0.924952 
259.417297 437.484558 0.869452 
259.510559 468.938354 0.814920 
262.278809 489.697479 0.805796 
236.029617 508.080048 0.902538 
220.398315 508.072784 0.895628 
235.900253 552.673645 0.897676 
214.993759 594.577820 0.910386 
243.796753 508.051788 0.895909 
262.109497 547.377075 0.897150 
256.848083 591.777771 0.892284 
241.321091 408.580872 0.990022 
254.343369 408.605072 0.943673 
236.005737 408.809143 0.933475 
256.910858 411.273895 0.224771 
262.203094 599.627319 0.855902 
264.821991 597.010986 0.828231 
243.867737 594.392944 0.887407 
222.898300 610.087158 0.763488 
217.594864 610.098694 0.766581 
207.222168 597.039062 0.866513 
 
246.475479 408.836273 0.886592 
241.187241 440.091919 0.906128 
225.514603 440.084045 0.852632 
217.700043 476.725983 0.954683 
251.690277 489.653595 0.908718 
259.455841 440.090607 0.866657 
259.482208 471.443115 0.728821 
262.276428 487.206635 0.709572 
238.487595 510.614258 0.932958 
222.892670 510.613434 0.896426 
236.001312 555.262634 0.911159 
212.457779 596.967957 0.891142 
243.831757 510.600769 0.915402 
264.721008 549.912964 0.871234 
254.348022 591.800903 0.895387 
241.278809 408.597778 0.993885 
254.245682 408.604187 0.924519 
235.996353 411.281494 0.911962 
256.849060 411.301361 0.264211 
262.239838 599.667603 0.851748 
264.772339 597.057617 0.846502 
241.356064 594.430969 0.912293 
222.867203 610.183411 0.784374 
217.589157 610.172852 0.769607 
204.644928 597.072144 0.836411 
 
243.878387 411.377655 0.874962 
241.176208 445.219330 0.925790 
223.001282 445.236420 0.878169 
217.771790 479.290436 0.952091 
256.831207 476.748840 0.876311 
259.477570 445.199127 0.884624 
259.488220 471.577942 0.483077 
264.767761 484.521851 0.450123 
238.583740 510.711365 0.948068 
222.984573 510.715851 0.889317 
238.509521 555.240173 0.930389 
215.022171 596.974976 0.911924 
246.434372 510.677185 0.903916 
264.863403 552.438843 0.878249 
256.864349 594.298401 0.917888 
241.185333 408.710083 0.979064 
249.079895 408.726562 0.898664 
235.898224 413.868622 0.866722 
254.322189 413.918732 0.406842 
264.787842 599.721680 0.856386 
264.822662 597.097290 0.849303 
243.874420 594.498901 0.907216 
222.929825 612.710754 0.771250 
217.643051 612.682739 0.768672 
207.216797 597.100037 0.833237 
 
249.120392 416.489960 0.856526 
241.140335 445.306976 0.946954 
222.944534 445.328766 0.913531 
220.366943 484.571655 0.958153 
254.300369 471.350555 0.939048 
259.392273 445.351410 0.881849 
262.140717 479.305328 0.491612 
269.999268 474.038177 0.488399 
238.589752 510.802307 0.945562 
223.004456 510.837677 0.884318 
238.586639 557.848022 0.936779 
214.987381 597.058044 0.910777 
243.937866 510.753754 0.908161 
269.974731 552.461365 0.883415 
256.897522 594.332581 0.931076 
241.332916 408.796844 0.948460 
256.825775 411.251953 0.897748 
235.945450 413.897278 0.888828 
256.881195 419.163483 0.089927 
267.421783 599.723877 0.850007 
267.342468 597.101440 0.847697 
243.909973 594.566895 0.907849 
220.408218 615.233276 0.818982 
217.602188 612.790527 0.792219 
207.196075 597.187927 0.828495 
 
246.517517 416.531830 0.857939 
241.202896 445.318939 0.937299 
225.497574 447.766571 0.908217 
220.425842 481.948334 0.910481 
251.688873 466.229553 0.880391 
259.427368 447.793243 0.878438 
270.022705 468.963318 0.579539 
280.381775 458.376678 0.673516 
238.656876 513.241394 0.958959 
225.559006 513.285095 0.884855 
238.669113 557.883179 0.944164 
214.989716 597.111023 0.909236 
246.491928 510.836884 0.904104 
270.030609 552.536377 0.892671 
256.953857 594.376526 0.944444 
241.259644 411.243866 0.950151 
254.287994 411.294373 0.894348 
235.902100 416.526215 0.857869 
256.902802 424.286102 0.150145 
267.431580 599.760498 0.821125 
267.365997 597.126953 0.819829 
246.446045 596.943298 0.888471 
220.417603 615.352051 0.844385 
217.589935 615.316162 0.816266 
207.162125 597.213684 0.834766 
 
243.872894 413.941010 0.880870 
241.241745 445.323608 0.939324 
228.118820 447.778015 0.902311 
235.892227 471.522308 0.928863 
256.928650 450.536896 0.973687 
259.437653 447.809692 0.877178 
277.832336 471.432251 0.854385 
280.420197 458.401154 0.740675 
238.697937 513.334045 0.971219 
228.095001 513.355835 0.889277 
238.701050 565.662109 0.936551 
212.443726 599.633362 0.870951 
249.079483 513.302979 0.905177 
272.639862 552.616516 0.906212 
256.932892 594.411743 0.942068 
241.143982 408.827454 0.967076 
249.100586 411.244843 0.866537 
233.331802 416.555664 0.815615 
256.926208 426.860443 0.190527 
270.005341 602.333496 0.802104 
267.384186 599.646912 0.803065 
243.911453 596.980896 0.898444 
220.309006 617.920410 0.839214 
215.014679 615.478577 0.777448 
202.067947 599.705750 0.835378 
 
241.372162 413.975891 0.888658 
241.225113 445.294800 0.944674 
225.511307 445.265198 0.886981 
238.563782 468.735291 0.957317 
254.334793 445.206329 0.849017 
259.421967 447.897369 0.902066 
280.554749 468.773315 0.943531 
275.248596 445.285492 0.811288 
238.702240 513.332214 0.972871 
228.134766 513.367981 0.890473 
238.713272 568.239014 0.933403 
212.407135 599.636230 0.867747 
249.060699 513.298096 0.904796 
275.187408 552.650818 0.906702 
256.958099 594.326233 0.933801 
241.108170 411.269531 0.946604 
246.447510 411.267181 0.882465 
230.760361 419.132233 0.783779 
256.844971 419.182281 0.280930 
270.006958 602.294189 0.805569 
267.377838 597.182800 0.809678 
246.441422 594.483765 0.862474 
220.288620 617.939026 0.833489 
215.012360 617.899292 0.776869 
202.011093 599.685730 0.846662 
 
241.233704 416.544098 0.881966 
241.190308 445.272797 0.935611 
225.482315 445.236389 0.873387 
241.106659 463.563507 0.873751 
254.259048 437.466675 0.757319 
259.388306 447.867981 0.903395 
282.979187 460.967590 0.895596 
277.758179 432.204529 0.794498 
241.155411 513.351685 0.950881 
230.753830 513.406006 0.871842 
238.717606 568.247009 0.929379 
214.956284 597.188843 0.871097 
251.717911 513.302979 0.890521 
275.165924 555.125000 0.900565 
256.900818 594.370605 0.927876 
238.629776 411.331665 0.896918 
243.844040 411.339600 0.864250 
230.735062 419.172607 0.695471 
256.825348 421.723297 0.468024 
267.397064 604.919861 0.824668 
264.873718 599.729248 0.816001 
243.861008 594.543274 0.855254 
220.384857 615.468323 0.765808 
217.564590 615.408813 0.744527 
204.543091 599.651794 0.822266 
 
238.523346 416.480469 0.785455 
241.107635 445.207672 0.916862 
222.916428 445.202759 0.868281 
246.498230 450.599304 0.831275 
254.330383 427.066986 0.777076 
256.918274 447.763062 0.872389 
282.962067 450.424622 0.919667 
267.387878 424.393127 0.784613 
241.197067 513.346436 0.946267 
233.341843 513.413574 0.873504 
241.095932 568.281677 0.919996 
214.966171 597.171082 0.868787 
254.272400 513.288452 0.883204 
275.168060 555.129089 0.891710 
256.921478 594.409485 0.930511 
235.893311 411.269775 0.760759 
241.103439 408.829651 0.856353 
223.003601 419.154175 0.481006 
243.931778 413.937134 0.587037 
267.351593 604.949524 0.830523 
264.866516 599.765381 0.814274 
243.867889 596.947266 0.845766 
220.408417 615.437256 0.743629 
217.594421 615.382812 0.732189 
204.548813 599.639221 0.807660 
 
241.124878 421.740692 0.493799 
241.098099 442.637573 0.901422 
222.856110 440.033752 0.839372 
241.304489 442.724274 0.859256 
246.462112 411.291412 0.816577 
259.398560 445.280304 0.857233 
283.066376 437.441437 0.895957 
264.753082 408.770203 0.875357 
241.201141 513.268494 0.947573 
233.378967 513.340637 0.884358 
241.130768 568.210388 0.907019 
214.982208 597.158142 0.872500 
254.259354 513.228760 0.876765 
275.176697 555.101624 0.889544 
256.950378 594.421997 0.933707 
238.578644 411.382660 0.485410 
241.364975 411.352783 0.462782 
228.187469 413.905762 0.347601 
251.732071 413.912109 0.323256 
267.354218 604.947266 0.812852 
264.873016 599.772217 0.799389 
243.904449 596.947205 0.844708 
222.881699 615.422424 0.726309 
217.632980 615.373169 0.723068 
204.571716 599.625854 0.797150 
 
238.719879 413.963043 0.577101 
238.725723 432.319580 0.911724 
222.906372 434.808197 0.839844 
241.241882 434.845459 0.864383 
243.890732 406.048065 0.810148 
256.929047 434.902466 0.826073 
283.081207 429.703094 0.973637 
264.713684 405.985809 0.903059 
241.271515 510.728424 0.936109 
235.962128 510.799530 0.915689 
241.177002 565.645264 0.908589 
214.943451 597.196899 0.876619 
254.316925 510.695129 0.855914 
275.172241 552.646667 0.885746 
259.467773 594.379150 0.949095 
238.511658 408.750275 0.579017 
241.352097 408.786133 0.524035 
225.551910 411.251709 0.436968 
254.309952 411.264496 0.281137 
267.415802 604.932373 0.787769 
267.410156 599.763062 0.778871 
249.040802 594.522705 0.847516 
220.390060 617.945679 0.775133 
217.554520 617.904846 0.748640 
204.538864 599.647888 0.840648 
 
238.518600 406.092896 0.772866 
241.104538 432.174347 0.937091 
220.380569 432.249237 0.868742 
241.174271 426.986115 0.894377 
243.824997 395.611908 0.797810 
259.423737 432.248108 0.866687 
280.582062 421.778900 0.926401 
262.273315 395.635101 0.853975 
241.343689 510.638062 0.908229 
236.002853 510.685364 0.912274 
238.652435 563.033264 0.895514 
214.939392 597.111572 0.873848 
256.896912 510.602142 0.849529 
272.615143 552.671204 0.896811 
259.430054 594.356812 0.951222 
235.998032 403.386292 0.628246 
241.189957 403.349304 0.729008 
222.968506 406.113922 0.290365 
249.134537 405.986572 0.512758 
267.385162 604.934021 0.828297 
267.386139 599.736450 0.820318 
246.479950 594.547424 0.866905 
220.375198 615.303711 0.770226 
217.579590 615.274719 0.741400 
204.610397 597.202942 0.799620 
 
243.838211 405.905579 0.633138 
241.173294 427.029449 0.981241 
222.941681 429.505585 0.873062 
241.140656 421.752686 0.866239 
241.229187 387.828094 0.890348 
259.507538 427.018677 0.914292 
282.983093 408.709686 0.961255 
262.182037 387.665344 0.893693 
243.829330 505.440826 0.854098 
238.481552 505.478363 0.883044 
238.489761 555.286743 0.916715 
215.020355 597.070618 0.908199 
259.447418 502.858185 0.839309 
269.956573 552.521240 0.892830 
256.936554 594.442993 0.953037 
241.136581 398.234741 0.624216 
243.941818 393.006104 0.405971 
230.728012 403.455658 0.493232 
256.929535 387.871826 0.107647 
267.358795 604.947876 0.821019 
267.380035 599.723450 0.805583 
243.918671 597.021118 0.922743 
222.889999 615.287781 0.802866 
217.604446 615.249451 0.776199 
207.242767 597.196533 0.806442 
 
238.638123 392.982208 0.874619 
238.695892 426.859253 0.948742 
220.354156 426.936981 0.883028 
241.150223 406.011993 0.843559 
241.225494 366.758087 0.762776 
256.936707 424.387665 0.878037 
280.440216 400.763672 0.891370 
262.092163 366.731659 0.849307 
243.894257 492.522400 0.877776 
238.469971 494.993439 0.893291 
238.440369 549.998779 0.864858 
215.040268 594.571472 0.904773 
259.547791 492.458557 0.929152 
264.726349 549.986206 0.891865 
256.921326 594.339661 0.927231 
233.370331 390.310913 0.849162 
241.153305 387.785736 0.847586 
220.346512 400.847351 0.720288 
249.106247 390.314301 0.226520 
264.799561 604.923523 0.809300 
269.997253 599.686768 0.789395 
243.911026 594.487671 0.901403 
220.368210 612.744507 0.809487 
215.025528 610.175354 0.747884 
209.829865 597.046326 0.811201 
 
243.811859 387.847015 0.780278 
238.685165 416.539398 0.906831 
222.870071 419.161041 0.843372 
241.143890 387.720520 0.914259 
251.670532 345.837982 0.807334 
251.703156 416.539215 0.802733 
277.780579 387.869873 0.872968 
270.040527 356.371887 0.734478 
243.843002 489.854187 0.899088 
238.473663 489.874542 0.924110 
233.411514 542.101196 0.830445 
215.039230 594.517883 0.908519 
259.456940 489.829041 0.905426 
259.622314 544.712952 0.852050 
259.466705 589.230408 0.878690 
238.637360 387.678589 0.843721 
0.000000 0.000000 0.000000 
222.882889 390.463013 0.814677 
0.000000 0.000000 0.000000 
264.829132 602.318542 0.750610 
272.661041 597.162415 0.758770 
249.099411 591.849182 0.807886 
220.392044 612.701538 0.814439 
215.037628 610.155762 0.755277 
209.858444 597.001587 0.808275 
 
251.702316 382.474518 0.744533 
241.208282 406.003967 0.962668 
225.582123 406.026367 0.843252 
238.560608 372.058136 0.875717 
246.426361 337.980835 0.828465 
256.832581 406.029785 0.876791 
275.183197 382.536438 0.844949 
275.166992 345.909912 0.828354 
241.330383 481.969604 0.854111 
235.996979 481.981873 0.845907 
230.734680 536.893921 0.842085 
217.522842 594.464661 0.917360 
256.957611 481.932404 0.816248 
259.522278 534.320068 0.877238 
259.571747 581.422180 0.866548 
241.321594 374.717560 0.732371 
259.469055 377.248627 0.368159 
228.193329 385.085785 0.614927 
0.000000 0.000000 0.000000 
267.366516 599.645447 0.684922 
275.216888 596.988220 0.692464 
254.332886 589.199463 0.757748 
228.134186 610.133362 0.744086 
217.734756 610.094849 0.741938 
212.428757 596.962036 0.793589 
 
246.411011 369.522552 0.762432 
241.196976 400.832855 0.913186 
225.549515 400.870056 0.817352 
235.944672 366.731659 0.876269 
241.219193 340.561096 0.837990 
254.331909 403.361206 0.836302 
272.628357 374.662170 0.799621 
277.759094 345.877106 0.842053 
241.342377 471.603424 0.888536 
235.963577 474.038818 0.878514 
225.586075 534.225159 0.873116 
217.603409 591.834778 0.915758 
259.389435 471.577423 0.882427 
259.510101 531.722351 0.883515 
259.503113 578.713379 0.899491 
241.223358 366.928253 0.795650 
254.251923 366.835327 0.453764 
230.768661 382.402222 0.554175 
0.000000 0.000000 0.000000 
264.870422 597.120056 0.765539 
277.749634 594.485413 0.765216 
251.730286 581.419373 0.764154 
225.558563 607.514526 0.746298 
217.634567 604.927734 0.741043 
215.058456 594.412842 0.802001 
 
241.262909 366.918396 0.849871 
241.157104 390.463226 0.918674 
222.903412 395.617157 0.814686 
238.479034 364.262909 0.903656 
241.091965 330.161926 0.856618 
256.946808 390.386566 0.869232 
275.189484 366.911407 0.837752 
275.171082 343.150421 0.829327 
243.815796 468.918396 0.899349 
238.457779 468.931824 0.931441 
230.765106 531.525085 0.852331 
217.577103 583.936707 0.890485 
259.439636 468.911285 0.900042 
259.488556 531.505005 0.886460 
259.448059 576.270935 0.927164 
238.568985 366.845520 0.807401 
246.410553 366.747192 0.446842 
222.975555 379.894592 0.567949 
259.443024 361.441101 0.064778 
264.874542 596.965515 0.849643 
275.202454 594.302429 0.813930 
251.645920 584.007629 0.791226 
228.188889 599.757996 0.834772 
217.699066 599.752625 0.863827 
215.000931 589.225525 0.815039 
 
241.305222 366.911102 0.908269 
238.699219 392.994690 0.928377 
222.879303 395.644562 0.823992 
235.957565 364.193756 0.824803 
238.704071 327.633331 0.871236 
254.317917 390.430725 0.859164 
275.222382 366.812256 0.845755 
275.175262 343.143036 0.783106 
243.853271 466.271301 0.880055 
238.518463 466.282593 0.919911 
235.879822 521.174500 0.822145 
217.672195 578.707581 0.929495 
259.465271 466.270264 0.882576 
259.493317 523.766174 0.847739 
259.423645 576.065491 0.929007 
238.631790 366.756836 0.921535 
243.906143 366.721344 0.491690 
225.475418 374.645935 0.680518 
0.000000 0.000000 0.000000 
264.765686 594.524780 0.827394 
272.629730 591.813232 0.767708 
249.063385 578.740112 0.782238 
236.002090 597.117126 0.910842 
220.272461 597.127869 0.886770 
215.034439 583.947937 0.812008 
 
243.799377 366.893494 0.900193 
241.116135 392.937378 0.933727 
222.933960 393.036407 0.828504 
235.952713 364.059326 0.816324 
238.690292 327.517670 0.880900 
256.841675 390.425873 0.855492 
275.243896 364.205627 0.846580 
272.592926 335.415009 0.709389 
243.824081 466.242401 0.883676 
238.483826 466.250061 0.909114 
235.904938 521.197021 0.833574 
217.720627 581.366333 0.909355 
259.446320 466.238525 0.875187 
259.455078 523.757629 0.846983 
256.840515 576.085510 0.898375 
238.677063 366.762878 0.921050 
246.442734 366.696075 0.527831 
225.529114 374.638824 0.695919 
0.000000 0.000000 0.000000 
262.242249 597.011230 0.845651 
267.420868 594.311279 0.788080 
243.888031 578.757385 0.790498 
238.602325 599.703064 0.924916 
220.429108 599.756042 0.867499 
215.075073 589.250427 0.852926 
 
243.918701 366.883881 0.862450 
241.125031 390.450867 0.943507 
222.962875 393.001556 0.827547 
236.036179 361.600067 0.855637 
241.105698 327.511932 0.888560 
256.843079 390.431427 0.853025 
275.166626 364.281281 0.849410 
267.402557 337.973328 0.747634 
243.815125 466.233826 0.883846 
238.483383 466.239136 0.909045 
235.888504 521.240417 0.830757 
217.767654 581.325989 0.916836 
259.434387 466.232544 0.877290 
259.434662 523.756897 0.845940 
256.879517 576.129822 0.893836 
241.177505 366.738129 0.895609 
251.709000 364.292267 0.475399 
228.173370 372.091034 0.661398 
0.000000 0.000000 0.000000 
262.140228 597.133911 0.826110 
267.390350 594.438904 0.794919 
246.414093 578.795410 0.738596 
238.666595 599.757202 0.938219 
222.924927 602.257202 0.862322 
217.555099 589.230774 0.854680 
 
243.923843 366.944611 0.870160 
238.667999 393.027130 0.914371 
220.346710 395.614502 0.835609 
238.511002 364.265381 0.840613 
241.170959 330.188049 0.848901 
254.346329 392.958618 0.853066 
275.219940 366.782562 0.875218 
262.306427 335.387451 0.789310 
243.790955 468.784088 0.903888 
236.033890 468.796539 0.918491 
235.883255 526.436340 0.844740 
220.202988 581.427124 0.908932 
259.429047 468.774231 0.892006 
259.440094 526.399353 0.857806 
251.734375 576.239929 0.876279 
241.204636 366.792053 0.925035 
251.649796 366.726990 0.460221 
230.740768 374.634979 0.714554 
0.000000 0.000000 0.000000 
262.127167 597.126526 0.847985 
264.839203 594.434937 0.802973 
241.343353 583.937256 0.753464 
238.559784 599.753540 0.925381 
222.854919 599.761230 0.885464 
217.633514 591.756958 0.892550 
 
241.316742 369.505493 0.855648 
238.701859 403.446777 0.925130 
222.959595 405.950836 0.832894 
238.490311 369.517944 0.762009 
238.660248 343.238617 0.867619 
251.677063 403.418335 0.859387 
275.231720 369.491058 0.843305 
262.234924 343.131561 0.863559 
241.355545 471.496368 0.902895 
235.988907 471.541138 0.895480 
230.779541 534.160645 0.868499 
220.195801 591.794983 0.898911 
259.395111 471.450409 0.903503 
256.963196 531.759338 0.879519 
249.100357 589.206421 0.809069 
238.665009 369.419891 0.846362 
243.939758 366.908905 0.375242 
228.189743 384.961273 0.648391 
0.000000 0.000000 0.000000 
259.408112 607.537292 0.745597 
262.222626 599.735474 0.784202 
241.317825 594.344116 0.714349 
233.395920 607.494080 0.759171 
220.205719 604.937317 0.778858 
217.722092 594.451965 0.823285 
 
249.099060 384.981354 0.834675 
238.699356 406.095459 0.964556 
222.880783 406.112457 0.846664 
238.522629 374.683350 0.782904 
241.103104 343.322479 0.897773 
254.302383 406.119568 0.911174 
277.808105 382.448914 0.865269 
262.201904 345.861023 0.853263 
241.344833 474.123108 0.876564 
235.914078 474.139557 0.847868 
235.881012 534.244324 0.869449 
220.276733 594.544861 0.925794 
259.425201 474.078033 0.889937 
259.396790 534.325439 0.872482 
251.676270 594.447998 0.842090 
241.325500 379.879578 0.824609 
256.862518 379.825439 0.350937 
233.349152 385.149689 0.704751 
0.000000 0.000000 0.000000 
259.537476 615.266479 0.799491 
264.780701 610.089172 0.739236 
241.347839 597.055420 0.724910 
233.388474 612.801575 0.766997 
220.264252 612.764771 0.778823 
220.236023 597.140320 0.791980 
 
249.108902 390.364441 0.823565 
241.100510 411.297943 0.930743 
222.994385 411.258820 0.835864 
235.957245 384.982422 0.848641 
241.347000 345.894989 0.861699 
254.260345 413.878662 0.840037 
277.785828 387.825623 0.907200 
264.877991 358.941742 0.820217 
243.855408 487.133362 0.855852 
238.512817 487.135284 0.880146 
235.917664 539.524048 0.827840 
220.269562 597.111694 0.924707 
259.472137 487.138519 0.877121 
259.477173 542.085999 0.840887 
254.255661 597.014526 0.857663 
243.810425 387.749420 0.861936 
256.871277 387.791046 0.434761 
235.970322 392.951752 0.664755 
0.000000 0.000000 0.000000 
259.482971 615.317505 0.797491 
262.263489 612.668091 0.773831 
243.861649 599.712341 0.701998 
233.340042 615.373108 0.813643 
220.258286 615.338379 0.812428 
220.242188 602.255676 0.757596 
 
Last frame read and added to queue. Closing program after it is processed.
254.253510 405.908722 0.855042 
241.199585 426.906677 0.934430 
225.565796 426.935303 0.838923 
238.539185 390.426849 0.802632 
249.072495 364.143524 0.782496 
256.879059 426.943573 0.894300 
280.356476 395.589630 0.862060 
272.574707 366.872223 0.779433 
243.876434 494.989288 0.855044 
238.498062 495.026031 0.872012 
238.513565 552.609497 0.930721 
220.345642 602.254761 0.877512 
259.507385 492.520752 0.905153 
259.539276 552.666565 0.913976 
243.921188 599.747498 0.873059 
243.886673 398.246460 0.823265 
259.407288 403.341492 0.454673 
236.014481 405.939636 0.741171 
0.000000 0.000000 0.000000 
259.436066 617.987183 0.794569 
262.114624 615.408997 0.841754 
241.124344 607.526184 0.732740 
236.006195 618.021301 0.886033 
220.378494 617.986450 0.878392 
217.773575 610.077881 0.805000 
 
249.025848 408.626221 0.854061 
241.209244 429.716919 0.960063 
228.111267 432.180481 0.824433 
235.928223 406.060791 0.863190 
249.024185 372.059357 0.775577 
256.959351 432.173248 0.889314 
280.425018 406.082520 0.909636 
275.183350 374.706360 0.718579 
243.920029 508.018951 0.847771 
238.553497 508.015106 0.884490 
238.611511 560.447693 0.891120 
220.278046 615.253967 0.871208 
259.530304 508.017212 0.878279 
259.624512 560.435425 0.873138 
241.258453 610.168152 0.907718 
241.303833 406.070251 0.860147 
256.834991 406.082794 0.549463 
235.930756 408.811127 0.605850 
259.485138 403.476257 0.058567 
259.473938 623.232300 0.781760 
259.593536 618.092102 0.814098 
238.499802 615.232605 0.753289 
238.627457 623.221619 0.775016 
225.555847 623.286804 0.720977 
217.622437 615.481506 0.825529 
 
OpenPose demo successfully finished. Total time: 36.139113 seconds.
