899.626465 335.505066 0.933703
915.439087 366.881134 0.953275
893.851318 368.750153 0.885055
886.058899 404.082367 0.741150
884.022705 415.856079 0.716744
935.043030 366.767242 0.880961
946.799683 411.883881 0.916719
911.454834 413.959564 0.847461
917.410156 445.228485 0.896316
901.787292 445.238312 0.870475
893.884949 498.157806 0.817409
903.699219 560.803894 0.853979
933.019714 445.218842 0.883592
931.162598 500.069916 0.898948
946.772644 566.660278 0.905223
897.760498 331.614288 0.226858
901.709351 331.556274 0.902703
0.000000 0.000000 0.000000
917.366272 335.498322 0.991180
927.148499 572.558533 0.884786
933.028381 574.578796 0.828514
950.684814 572.489014 0.865139
886.066223 570.600098 0.884381
886.070374 568.646729 0.818470
913.469666 568.681641 0.844579
897.794983 335.530762 0.931031
915.423401 366.884460 0.950599
893.823486 368.758362 0.881442
886.014771 404.083344 0.740480
883.990540 415.878265 0.719327
935.027710 366.768707 0.881799
946.804626 411.866974 0.912337
911.487549 413.957733 0.856965
917.389587 445.245422 0.900281
901.758728 445.260132 0.877159
893.894409 500.077820 0.814936
903.698975 560.793335 0.853835
933.006348 445.229401 0.885494
931.156738 500.093201 0.898862
946.778320 566.653137 0.903632
897.731262 333.476257 0.224999
901.684814 331.582672 0.908209
0.000000 0.000000 0.000000
917.360413 335.500061 0.993891
927.121033 572.534729 0.889432
933.004700 574.562866 0.837537
950.690369 572.482666 0.870997
886.106079 570.587830 0.882924
886.098938 568.638489 0.816105
913.463928 568.667969 0.832778
897.791077 335.510284 0.926719
915.414368 366.879578 0.948650
891.924255 368.747192 0.883221
886.003845 404.080536 0.704886
883.978149 415.874695 0.689483
935.020752 366.775909 0.884986
946.822510 409.989136 0.906362
913.382324 413.951599 0.873959
917.403198 445.231445 0.899374
901.791504 445.247528 0.873081
895.785461 500.100006 0.819084
903.708008 560.800171 0.850940
932.999634 445.215393 0.883835
931.153381 500.095032 0.898945
946.776489 566.672485 0.906521
897.720825 331.602417 0.214727
901.676392 331.552368 0.905108
0.000000 0.000000 0.000000
917.350769 335.482178 0.989507
925.233276 572.528870 0.877210
932.994141 574.566650 0.827445
950.681641 572.498291 0.877188
886.109985 570.584167 0.877910
886.113037 568.636597 0.807344
913.467896 568.669189 0.831863
897.808655 335.499634 0.921756
915.402161 366.878723 0.945127
891.899475 368.739716 0.883031
885.970703 404.092285 0.703453
884.002502 415.880554 0.719404
935.010681 366.777435 0.883837
946.813232 411.840607 0.905092
913.413086 413.939972 0.876587
917.373901 445.245453 0.895777
901.769287 445.265625 0.875208
895.802612 502.004486 0.816580
903.735474 560.806580 0.845749
932.966187 445.223541 0.875706
931.120728 500.074707 0.896714
946.774963 566.677246 0.908786
897.731812 331.601990 0.209704
901.692749 331.545593 0.898418
0.000000 0.000000 0.000000
917.353027 335.485596 0.994272
925.191772 572.520630 0.867970
931.138672 574.551147 0.822135
950.678345 572.503479 0.881575
887.963196 570.585449 0.877015
886.138306 568.643738 0.801914
913.489502 568.670288 0.828360
897.818970 335.531616 0.933583
915.391113 366.885559 0.940636
889.992920 368.738373 0.881561
885.955261 402.197937 0.716107
884.032898 415.847992 0.720475
935.021423 366.792267 0.883668
946.826599 411.873413 0.913231
913.477234 415.784210 0.871437
917.307617 445.236511 0.897627
901.688232 445.250397 0.887178
897.722839 503.975281 0.832655
905.596680 560.820496 0.842737
931.140869 445.227356 0.872343
931.101257 502.015564 0.895391
946.771362 566.664551 0.905109
897.759827 331.625397 0.232240
901.700989 331.579285 0.904680
0.000000 0.000000 0.000000
917.352173 335.497437 0.994394
923.223389 572.500427 0.846545
931.088379 574.534851 0.808208
950.680237 572.492493 0.874185
887.998474 570.576538 0.858128
887.963318 568.638733 0.782454
915.317932 568.672974 0.817473
897.790283 337.390228 0.926913
915.374451 366.907196 0.940851
889.960632 368.758881 0.882115
885.966309 402.184540 0.692389
883.986145 415.832489 0.703552
935.012085 366.816254 0.885331
946.792725 411.954865 0.933033
913.412109 415.804260 0.863913
917.288208 445.254761 0.898197
901.665283 445.266937 0.889895
897.714417 503.988007 0.837195
905.608154 560.815063 0.844407
931.124146 445.251190 0.877869
931.028198 502.065186 0.896363
946.774841 566.659424 0.904081
897.734009 333.532349 0.226064
901.682556 333.539001 0.925190
0.000000 0.000000 0.000000
917.373230 335.535919 1.001326
921.314270 572.487305 0.839760
931.076416 574.525269 0.800459
950.697632 572.487366 0.867098
888.010742 570.580078 0.858739
887.967773 568.641174 0.784265
915.324524 568.670837 0.819992
897.805176 337.403168 0.933309
915.382263 368.755524 0.948733
889.939636 368.818420 0.881643
884.102356 404.070221 0.733885
882.040894 415.809784 0.761482
935.066956 366.901764 0.886851
946.745544 413.874664 0.962770
909.531250 415.820282 0.852214
917.292480 445.246338 0.894800
901.661011 445.259918 0.895584
897.704041 504.014038 0.837781
905.612183 560.819031 0.841311
931.135376 445.249756 0.879810
929.126221 502.013641 0.871722
946.765625 564.758179 0.898938
897.770630 333.582336 0.217834
901.705750 333.570801 0.927458
0.000000 0.000000 0.000000
917.396790 335.588318 0.996515
921.313293 572.485474 0.841497
931.082153 574.523315 0.794994
950.704102 570.697815 0.868648
888.026672 570.585449 0.854969
887.980957 568.644775 0.783121
915.321899 568.674805 0.810217
897.802612 337.446655 0.924598
915.377563 368.843933 0.946025
889.972473 368.871948 0.859872
886.024658 404.096680 0.629223
882.090637 413.942383 0.666697
935.021790 368.803040 0.897811
946.694763 413.918915 0.960788
909.561462 415.777100 0.840345
915.472412 445.261047 0.896160
901.636292 445.282532 0.897973
895.806152 504.024475 0.830413
905.587219 560.818542 0.844944
931.078613 445.258453 0.876500
925.183167 500.095612 0.837185
946.767517 566.633911 0.900955
897.794922 335.422668 0.315484
901.710144 335.428497 0.930970
0.000000 0.000000 0.000000
917.416443 337.432434 0.990163
923.215393 572.500549 0.845803
931.096985 574.546509 0.786527
950.721008 572.479553 0.872546
887.972534 570.587158 0.867811
887.957520 568.644226 0.789035
913.484314 568.662109 0.819004
899.639038 337.558655 0.915195
915.350464 368.914276 0.929335
888.056519 368.915070 0.851005
886.020386 409.943146 0.573001
880.142822 411.906281 0.583097
935.040894 368.901764 0.879568
944.745300 413.943329 0.916610
903.644958 413.846283 0.851653
915.363281 447.143555 0.870104
899.750549 447.161194 0.882743
893.874756 505.956055 0.840932
903.727661 560.819336 0.846762
930.995117 447.150879 0.844949
923.223572 503.968231 0.847390
946.758667 566.652710 0.900108
899.648132 335.525177 0.385256
901.768066 335.532288 0.932756
0.000000 0.000000 0.000000
917.479614 337.533508 0.968489
921.312866 572.497559 0.839514
931.095459 574.563965 0.775159
950.730835 572.488647 0.864077
888.006592 570.592468 0.849318
887.984619 568.651917 0.777941
913.465454 568.658508 0.808640
899.677002 339.399750 0.902533
915.408020 370.759949 0.927152
889.994202 370.800537 0.816895
882.122803 411.857971 0.495558
872.286499 402.186798 0.612264
935.061584 370.746979 0.873760
936.999390 415.843231 0.878351
901.720947 409.936340 0.798738
915.403809 447.139465 0.878031
899.807800 447.156708 0.882102
889.928406 505.974701 0.858433
903.693359 560.860107 0.854451
931.013733 447.146912 0.857685
919.342285 504.031067 0.872820
946.730103 566.684326 0.902293
899.710876 335.589813 0.162570
901.803101 335.562378 0.914991
0.000000 0.000000 0.000000
917.492920 339.390533 0.948748
923.242126 572.526062 0.834615
931.102295 574.585876 0.772147
950.701477 572.508606 0.875093
886.110291 570.638367 0.879539
886.123535 570.496399 0.812370
913.449890 568.680176 0.820072
899.755920 339.473267 0.889766
917.284851 370.770203 0.914862
897.741150 370.823242 0.835541
880.132935 411.914490 0.707986
868.319397 398.259644 0.793580
935.048157 370.798309 0.873360
933.056030 415.914825 0.912422
899.661987 398.227905 0.909121
915.407593 447.230347 0.868457
901.618164 447.245483 0.866140
888.050598 507.908539 0.884336
903.659668 560.858032 0.857378
929.150757 447.239380 0.838138
917.450134 505.930634 0.900081
946.682495 566.688538 0.884570
901.673035 337.369202 0.061524
903.656738 337.403442 0.898614
0.000000 0.000000 0.000000
919.307861 339.472351 0.918127
925.170776 572.575012 0.807485
931.120544 576.460632 0.750834
950.689087 572.494751 0.848493
886.082458 570.683472 0.892506
886.109497 570.533142 0.841124
913.426147 568.651794 0.823723
901.636292 341.436432 0.877041
917.284607 370.802002 0.913242
897.737854 372.725983 0.837030
872.362671 413.814026 0.844631
866.456665 392.355682 0.807352
935.068848 370.806030 0.858153
929.164673 406.053925 0.840896
895.806519 384.586548 0.879988
915.315308 451.080780 0.838428
899.749878 451.146362 0.839680
886.096802 509.785217 0.927728
903.672363 560.816772 0.862079
929.056213 449.191864 0.805507
917.328979 507.827820 0.940987
946.673523 566.679688 0.882566
901.651489 337.481598 0.198184
905.648804 337.499756 0.872212
0.000000 0.000000 0.000000
923.252502 341.441956 0.841577
925.171570 572.600037 0.818309
931.139832 576.485535 0.752880
950.691467 572.481262 0.844477
886.079895 572.481934 0.895668
886.112793 570.546570 0.848436
913.448120 568.623718 0.842550
901.682007 345.303040 0.852142
917.358948 370.826691 0.907340
899.639099 370.796295 0.842870
870.326660 406.022339 0.876833
864.481445 380.531952 0.829675
936.980957 374.660767 0.822016
917.423462 400.236969 0.877305
888.059326 370.852722 0.830947
915.328552 451.129730 0.833964
899.790039 453.066711 0.840884
885.976440 509.804047 0.944611
903.664978 558.892822 0.877399
927.188416 451.085144 0.800027
915.452087 507.885590 0.971796
946.690674 566.670593 0.881391
899.813660 339.389771 0.143900
907.610413 337.584412 0.854440
0.000000 0.000000 0.000000
925.209473 347.215637 0.841449
923.255249 572.676025 0.853638
931.152405 578.433228 0.783551
950.740601 570.676392 0.841216
886.083374 572.530029 0.866081
886.095581 570.572327 0.827190
913.474731 566.703491 0.846772
901.796875 343.353210 0.834094
917.293030 376.634613 0.885839
897.711182 378.603271 0.811613
856.673462 402.158020 0.871563
864.488892 370.775269 0.836037
935.010498 374.721405 0.851384
913.461975 394.299103 0.838126
895.770142 364.875763 0.859972
913.459656 455.031006 0.823976
899.751831 456.955963 0.846866
884.029419 509.851593 0.920173
903.674500 558.884460 0.871909
927.125916 453.090515 0.784789
915.341736 507.963959 0.969797
946.682922 566.714111 0.884109
901.649780 337.583191 0.229698
911.517822 337.567841 0.886841
0.000000 0.000000 0.000000
929.059509 349.195221 0.884169
921.291687 574.519897 0.837097
931.074951 578.468994 0.776344
952.614319 572.484619 0.840271
886.014221 572.605042 0.872884
886.040039 570.625061 0.844726
915.309265 566.682251 0.841787
903.728577 345.330688 0.780983
915.448425 378.582458 0.884912
897.717468 380.559082 0.832277
854.709290 396.165588 0.890339
866.461975 358.996338 0.858054
933.089966 376.613434 0.875613
905.621399 384.521973 0.881522
897.813232 351.271057 0.940931
913.377625 456.964722 0.818565
899.705322 456.993225 0.840720
880.174194 509.789337 0.882326
901.792908 558.835205 0.885337
923.246887 456.943878 0.789307
913.458801 507.979340 0.959506
946.666748 568.565186 0.877969
903.709717 337.581207 0.217016
913.480103 339.461090 0.870623
0.000000 0.000000 0.000000
929.060120 351.127777 0.909674
919.359253 574.551331 0.856388
931.039795 580.409424 0.800943
952.633057 572.488159 0.831519
885.971619 572.629089 0.864886
885.976379 570.643738 0.841724
913.431091 564.763428 0.823689
903.640442 347.286163 0.720534
915.369202 376.613678 0.878991
891.946655 378.623962 0.804939
852.708313 384.511719 0.959138
870.393127 353.090149 0.880053
932.998413 372.782043 0.879996
903.681091 370.801666 0.829057
899.658447 339.446594 0.927298
909.498169 458.882599 0.814925
897.737671 458.902191 0.814709
878.153870 509.791443 0.873943
901.757446 558.828003 0.897289
919.394043 458.857208 0.800012
913.385986 509.872986 0.926977
946.651611 568.576477 0.874248
903.701477 343.329010 0.134741
911.527161 339.483063 0.833263
0.000000 0.000000 0.000000
929.052307 351.119934 0.891279
919.375549 574.543945 0.825930
931.030334 580.392029 0.771600
952.607605 570.693787 0.823239
884.139832 574.499512 0.857141
885.944397 570.687378 0.850156
913.395569 564.733398 0.828868
905.602051 341.411652 0.716800
913.393188 370.782196 0.883452
889.961487 370.798737 0.831961
850.794067 374.677490 0.900188
872.285461 347.294769 0.809153
931.078369 370.832245 0.902359
901.699524 368.748657 0.867993
899.704163 335.584961 0.964999
903.639404 458.873596 0.851118
889.946838 458.910431 0.813549
876.237000 509.914429 0.853372
901.724487 557.003723 0.907371
917.377686 457.005005 0.840146
909.549133 509.895111 0.895919
944.828186 566.712463 0.864974
913.405334 337.558685 0.166888
911.522156 337.547150 0.837922
0.000000 0.000000 0.000000
927.117920 349.202179 0.848720
921.312073 574.594299 0.810706
931.090637 582.301758 0.780493
950.744324 570.659241 0.819206
884.093933 574.501221 0.855830
884.120544 570.694763 0.846521
913.380737 564.692078 0.834973
911.486389 337.566162 0.670430
909.553955 368.795349 0.890851
888.035461 368.870789 0.893418
850.754517 366.773560 0.928299
872.350037 337.430237 0.807794
929.101746 366.925446 0.900932
897.717163 351.106293 0.879406
899.696411 321.853394 0.914737
903.639648 449.179382 0.851873
889.963257 451.098206 0.796967
876.246887 509.822723 0.866589
901.729553 557.002686 0.899773
917.368408 449.115448 0.864247
911.455933 507.971497 0.912663
944.768921 566.657959 0.849674
913.453735 337.441101 0.291767
915.363586 337.416107 0.807324
0.000000 0.000000 0.000000
921.298767 343.320618 0.786086
919.347900 574.549866 0.821188
931.016785 580.384033 0.758841
950.696594 570.650879 0.814974
884.087524 574.500610 0.867297
884.108704 570.696472 0.854197
913.386414 564.701294 0.819430
909.510071 335.392548 0.719971
905.670837 361.000519 0.858661
886.118835 360.989288 0.838423
850.683594 353.115967 0.936990
870.322205 323.734955 0.840637
929.051941 360.988861 0.836167
899.654785 337.517212 0.810277
897.746887 308.122894 0.841710
901.711975 445.147949 0.885078
888.056274 445.151855 0.824630
880.098145 505.959473 0.851590
901.749878 556.991394 0.896511
915.403320 445.154510 0.861775
911.494507 507.882294 0.897620
944.744446 564.704712 0.843768
909.564087 331.554321 0.426354
915.341797 331.538239 0.775884
0.000000 0.000000 0.000000
919.395081 335.596313 0.854995
919.300781 574.523926 0.847301
930.988098 578.447021 0.769926
950.690369 570.578979 0.814157
884.067810 572.652466 0.867627
884.106506 570.669556 0.838854
913.400940 564.708984 0.813212
903.716248 321.835205 0.563771
905.594788 351.184692 0.907185
886.105042 351.226105 0.865479
850.684143 337.476379 0.895173
870.439331 304.118896 0.784132
923.243774 351.138214 0.859979
897.779297 321.792358 0.881186
888.009888 290.521240 0.865289
901.609009 433.494568 0.852757
887.962219 433.501892 0.807181
883.971191 502.032898 0.833166
901.728760 556.944214 0.922768
913.453247 433.484283 0.811656
915.353088 505.871277 0.888871
940.918762 558.862000 0.853420
905.669067 321.727142 0.194536
913.414673 319.887146 0.755871
0.000000 0.000000 0.000000
919.291504 325.704803 0.854955
919.319092 572.621765 0.843438
931.031372 574.550598 0.805828
948.793640 568.581116 0.796216
884.109497 574.491455 0.859694
884.118103 570.685547 0.857379
911.500793 562.744202 0.802617
899.756775 308.119141 0.752836
905.606506 337.542633 0.892988
887.980286 339.427124 0.841042
850.766479 319.822021 0.927295
856.677124 280.669861 0.782198
923.234680 337.553589 0.865790
895.791748 308.125397 0.805665
882.109924 274.816559 0.890476
899.674866 425.635498 0.816756
885.977295 425.638977 0.807304
884.146545 496.130707 0.861685
899.728699 556.838806 0.927905
911.476318 425.643921 0.766687
915.397461 494.228424 0.926663
936.944763 555.012146 0.888034
901.632263 306.073090 0.074189
903.693054 306.103241 0.861444
0.000000 0.000000 0.000000
917.408447 315.943237 0.893046
919.369568 574.489075 0.839688
933.004578 572.656616 0.890512
946.799377 558.909119 0.805559
885.946472 574.546753 0.823173
884.002502 572.499390 0.854270
903.681030 558.896301 0.813115
899.727478 304.044403 0.679564
903.724060 327.697662 0.857917
886.058777 325.725983 0.841810
852.728760 302.216125 0.901071
848.833618 257.191650 0.798063
923.287292 329.627228 0.826872
899.732178 306.202118 0.797999
880.092773 272.764099 0.826410
897.768250 413.844330 0.845235
884.112122 413.837189 0.845969
884.034546 482.478577 0.852825
895.773743 547.105896 0.814585
907.609924 413.864563 0.803489
915.315613 480.512054 0.882677
931.049866 545.149902 0.881790
903.646240 302.111969 0.089697
903.695618 298.270966 0.728768
0.000000 0.000000 0.000000
917.354614 304.209747 0.962703
917.355835 572.508484 0.886494
931.023987 570.621643 0.888767
933.047363 553.007507 0.774867
886.129700 570.656921 0.784095
883.965149 568.639709 0.750713
899.811035 552.994263 0.766575
889.953247 294.350647 0.551445
903.719421 321.720093 0.895805
887.967224 319.847137 0.822788
868.387207 288.502991 0.789295
838.961060 249.336945 0.814754
921.316772 321.857239 0.866245
897.754517 304.070404 0.766472
870.440430 261.112671 0.819347
895.808289 402.192261 0.780256
884.056274 402.192230 0.792526
883.964722 476.576294 0.879825
886.139954 539.309204 0.891159
903.705933 402.193298 0.787610
911.464355 474.598145 0.846958
921.322327 539.267639 0.879436
0.000000 0.000000 0.000000
899.690308 290.428497 0.776780
0.000000 0.000000 0.000000
915.459167 294.394196 0.888503
913.398254 564.708252 0.794860
923.253906 560.850830 0.770859
929.053650 541.318909 0.764433
886.118652 562.806763 0.670026
882.086243 558.881592 0.672262
895.778625 541.273132 0.744385
889.971985 290.513733 0.473802
903.659302 315.869171 0.837584
886.022400 310.067688 0.793514
870.283447 284.583160 0.788634
848.796265 245.416534 0.738035
923.251770 317.896301 0.838441
899.812073 298.282501 0.784592
872.287537 259.058319 0.811926
891.878906 398.250885 0.828586
880.179199 398.231201 0.804511
880.129456 468.752533 0.820738
885.955627 537.329163 0.901733
903.647644 398.254791 0.848955
903.667358 462.869537 0.899706
915.419495 531.434998 0.871522
0.000000 0.000000 0.000000
899.687500 288.460175 0.672998
0.000000 0.000000 0.000000
915.436401 290.363556 0.938310
899.799866 556.887085 0.849200
913.419739 555.000488 0.851775
917.333984 539.207214 0.803994
886.123962 556.916443 0.741690
882.061707 556.829041 0.681719
888.031372 539.334534 0.729536
891.886658 286.496185 0.543596
901.790833 308.106049 0.889251
885.982666 306.176392 0.856720
866.461792 276.787903 0.775089
848.756531 237.554474 0.784474
919.400146 310.078339 0.835553
897.766663 288.452148 0.769268
868.391479 247.386353 0.825435
889.931763 394.301971 0.805519
878.214417 394.259521 0.759922
872.374695 462.793091 0.882661
884.042908 525.477844 0.944984
901.796570 396.197937 0.830245
901.726929 460.922699 0.921592
905.628296 527.475037 0.875992
889.969727 286.481293 0.062970
899.727051 276.782379 0.728974
0.000000 0.000000 0.000000
915.403687 286.493164 0.890650
893.847168 549.080078 0.773349
901.778076 550.994263 0.816280
907.614868 535.337891 0.752648
882.147217 547.111938 0.767608
870.447571 543.225281 0.728888
886.057251 527.527832 0.766821
886.119263 278.726288 0.562816
901.696838 304.224915 0.920413
884.085327 304.072754 0.836290
866.471680 270.871704 0.783477
842.898926 229.756271 0.789424
917.432678 306.125854 0.880146
891.913330 286.497589 0.657770
864.463806 243.430267 0.732138
887.999329 388.450165 0.801939
876.217896 388.394470 0.754460
870.464233 460.839539 0.896397
882.080566 525.554871 0.887405
901.725098 390.350250 0.813779
899.745483 458.867828 0.885821
899.781921 525.533508 0.909914
0.000000 0.000000 0.000000
895.839783 274.756348 0.759530
0.000000 0.000000 0.000000
913.449646 280.654846 0.831639
886.018555 545.143555 0.797249
899.674866 543.228821 0.831194
901.653992 529.451843 0.806286
878.190063 543.246460 0.669232
870.314392 541.308105 0.684382
884.136658 529.485352 0.678207
886.004639 276.781738 0.571847
899.774963 304.162506 0.908806
883.985535 302.161438 0.804530
864.465820 270.802704 0.742944
840.935852 229.741501 0.805555
917.297852 306.061920 0.872016
884.120789 278.712189 0.676150
858.621460 241.459808 0.740846
886.054565 388.408417 0.827275
872.317688 388.388580 0.773636
870.372559 458.899719 0.894521
872.349976 523.584229 0.878079
899.824219 388.423401 0.822312
897.789917 456.992188 0.854872
897.729492 523.604004 0.885332
0.000000 0.000000 0.000000
891.892395 274.687714 0.756316
0.000000 0.000000 0.000000
907.556152 276.757385 0.817372
884.042603 541.306091 0.864048
893.864380 541.287781 0.823762
897.792358 525.635803 0.782418
872.349915 541.201294 0.746301
868.362610 539.319519 0.714308
880.133972 525.596375 0.655672
884.133118 276.778564 0.607181
899.635681 304.174774 0.904225
880.123108 302.176666 0.806252
860.577332 270.893341 0.777504
839.107056 229.749573 0.849427
915.465149 306.071747 0.862038
889.974243 284.572754 0.705029
866.399109 247.315292 0.749988
885.997253 386.502869 0.840767
870.414490 386.481018 0.801625
868.464417 458.892548 0.889064
870.324158 523.595886 0.959302
899.786255 388.382874 0.824930
889.988098 458.912201 0.863530
887.961914 525.501465 0.924966
0.000000 0.000000 0.000000
889.925842 272.909271 0.751282
0.000000 0.000000 0.000000
905.620300 276.725800 0.821945
876.210876 541.243591 0.828275
885.981567 541.258240 0.918318
888.057068 529.447754 0.766005
868.399170 539.321533 0.768961
860.575500 539.198181 0.666267
872.324158 525.627014 0.633354
